Metrics/EpRet,Metrics/EpCost,Metrics/EpLen,Metrics/EpSuccess,Train/Epoch,Train/TotalSteps,Train/StopIter,Train/KL,Train/LagragianMultiplier,Train/LR,Loss/Loss_reward_critic,Loss/Loss_cost_critic,Loss/Loss_actor,Time/Rollout,Time/Update,Time/Total,Value/RewardAdv,Value/CostAdv
437.6346700543016,354.59082110860845,500.0,0.0,1,20000,40,0.006164263002574444,0.0,0.00029959999999999996,25.158514640912127,51121.907163381176,-0.006150017422920532,51.621936082839966,35.37066388130188,86.99260139465332,2.5882721388370555e-07,1.1230468999201548e-06
451.1865893336479,1696.0175,500.0,0.0,2,40000,40,0.006851220037788153,0.024714311584830284,0.00029919999999999995,9.46473122024612,68527.4949502172,-0.023037680389157905,52.835697650909424,36.92635488510132,89.76205372810364,-4.837513074562594e-07,7.324219097881723e-08
447.1081663452066,1311.5387500000002,500.0,0.0,3,60000,40,0.0068274191580712795,0.052973948419094086,0.00029879999999999994,4.6266954989759785,42234.36530536937,-0.07430174205819987,53.972893476486206,35.11178374290466,89.08467864990234,9.889602381463192e-08,-3.936767711820721e-07
456.70295694521826,1026.3912500000001,500.0,0.0,4,80000,40,0.004616828635334969,0.08227971196174622,0.00029839999999999993,2.7711921273617985,51250.35994793564,-0.03731878316504465,52.33126354217529,35.65718746185303,87.98845219612122,-2.2048949688269204e-07,2.5512695174256805e-06
466.831127026773,665.01,500.0,0.0,5,100000,40,0.005390505772083998,0.1110273003578186,0.0002979999999999999,2.968604802193156,29478.88754562314,-0.0729150111259074,56.55980706214905,44.521724462509155,101.0815327167511,-4.410743770222325e-08,2.9907225780334556e-06
462.77236197123545,28.620000000000005,500.0,0.0,6,120000,40,0.008168172091245651,0.13583029806613922,0.0002975999999999999,1.9987746541097666,46.30750063149033,-0.01193971286455887,53.09666204452515,35.81802320480347,88.91468834877014,5.264282165740042e-08,1.2207030941624453e-08
457.79933382653826,0.635,500.0,0.0,7,140000,40,0.008391167037189007,0.15731781721115112,0.0002971999999999999,2.5936652241523857,31.941628302662235,-0.011951187753435935,52.90341591835022,35.04779863357544,87.95121550559998,-8.411407748099009e-08,1.2512207092640892e-07
446.83424409679776,1.125,500.0,0.0,8,160000,40,0.007459831424057484,0.1760944128036499,0.0002967999999999999,1.8544718433432519,12.903323021739912,-0.00834356555841258,53.778478384017944,37.35324215888977,91.13172173500061,1.4939308812245145e-07,2.7465819840699623e-08
452.05115566888674,630.1475,500.0,0.0,9,180000,40,0.004403231665492058,0.1962646096944809,0.0002963999999999999,2.9079961937134433,24789.10384226111,-0.1854686600387476,54.29881930351257,36.074533462524414,90.37335467338562,3.8814544467413725e-08,6.958007929824817e-07
452.39902396242144,17.904999999999998,500.0,0.0,10,200000,40,0.007376561872661114,0.21421943604946136,0.0002959999999999999,1.9566791278256732,16.78964964933456,-0.010213349187846004,54.10935854911804,40.04695272445679,94.15631222724915,-1.3670921816810733e-07,2.5177001816700795e-08
452.271589759545,32.1725,500.0,0.0,11,220000,40,0.009958514012396336,0.2303571105003357,0.00029559999999999987,1.4906133050371886,32.973241039294344,-0.0254240187560134,52.15845346450806,33.491281509399414,85.64973664283752,1.1305809266559663e-07,-3.738403364650367e-08
462.90270381941843,0.0,500.0,0.0,12,240000,40,0.007003607228398323,0.2447032481431961,0.00029519999999999986,2.1588069558048706,22.262906411347117,-0.014673431088723788,53.0983669757843,34.88260555267334,87.98097395896912,-6.079673653403006e-08,1.0681151962899094e-08
478.4742521713456,3.655,500.0,0.0,13,260000,40,0.00921326782554388,0.25749635696411133,0.00029479999999999985,2.471608488517962,13.665372512219058,-0.015063305184167994,52.18450665473938,35.32699489593506,87.51150250434875,1.0557174334735464e-07,2.2125243859250077e-08
468.7458497403045,46.95375,500.0,0.0,14,280000,40,0.009423998184502125,0.2691974341869354,0.00029439999999999984,2.6686041388826767,42.686808134340176,-0.029446918179969167,54.27787780761719,35.79560351371765,90.07348251342773,-6.937980856491777e-09,-2.5939941750152684e-08
479.4310714443536,105.48000000000002,500.0,0.0,15,300000,40,0.009012597613036633,0.28031155467033386,0.00029399999999999983,3.325763850265248,82.28894314955754,-0.050157839438476105,53.26763296127319,36.72696328163147,89.99459886550903,-2.6893616222878336e-08,-1.5563965405362978e-07
485.95020754003815,20.24625,500.0,0.0,16,320000,40,0.00913314614444971,0.2903521955013275,0.0002935999999999998,2.9415976359870784,40.936954774522476,-0.02662729906747978,54.11791253089905,41.1301703453064,95.24808406829834,-1.9073485846288207e-10,-1.068115267344183e-07
479.788490825194,78.995,500.0,0.0,17,340000,40,0.011544212698936462,0.29982104897499084,0.0002931999999999998,2.341408527334025,118.72976552589684,-0.05609521646079293,52.755378007888794,36.90563607215881,89.66101861000061,-2.717971847587819e-09,-7.400512913591228e-08
457.6337070117817,8.219999999999999,500.0,0.0,18,360000,40,0.01093186717480421,0.3083067238330841,0.0002927999999999998,5.3262607289822235,28.627348785643363,-0.0201120423683956,53.61791133880615,37.95089507102966,91.56880760192871,-2.956390465769232e-09,7.629394360719743e-08
490.89513795224184,5.053749999999999,500.0,0.0,19,380000,40,0.008818292059004307,0.31588268280029297,0.0002923999999999998,2.327988969994958,21.49927587706572,-0.017286612417594868,52.69247221946716,37.14552974700928,89.83800292015076,-1.7166137400437265e-09,-2.5939941750152684e-08
481.47848835930637,21.54625,500.0,0.0,20,400000,40,0.009079418145120144,0.3227485120296478,0.0002919999999999998,2.0144494182270045,16.98779744585608,-0.02016797785711724,52.58098912239075,36.435643434524536,89.01663398742676,-1.9645691295977485e-08,-2.2125243859250077e-08
479.6521554694926,1.575,500.0,0.0,21,420000,40,0.008388211019337177,0.32883211970329285,0.00029159999999999977,3.120607080600064,12.25174364922153,-0.012606288313811533,53.446449756622314,37.42121648788452,90.86766767501831,-1.3732909920349812e-08,2.1362303925798187e-08
479.156127944503,0.0,500.0,0.0,22,440000,40,0.007891650311648846,0.33419325947761536,0.00029119999999999976,1.8302223656302805,7.719552285656048,-0.008935444468853308,54.99154353141785,37.424211263656616,92.41575813293457,9.298324776807476e-09,4.7683716530855236e-08
475.24795513787467,0.0,500.0,0.0,23,460000,40,0.009746757335960865,0.33889633417129517,0.00029079999999999975,1.6138153055006532,7.677872456334958,-0.011226554037031723,54.96616268157959,42.079379081726074,97.04554414749146,3.910064716450279e-09,3.9672851670502496e-08
467.68425386029503,0.2125,500.0,0.0,24,480000,40,0.010522324591875076,0.3430006802082062,0.00029039999999999974,5.337487903968164,10.956630031925858,-0.01611142968206524,54.23876237869263,37.615153074264526,91.85391688346863,-2.956390465769232e-09,3.051757957450718e-08
463.5533698746314,4.0375,500.0,0.0,25,500000,40,0.00990147702395916,0.3465862572193146,0.00028999999999999973,1.3355752864555948,5.420340513575608,-0.008031502353312198,53.516576051712036,38.54608964920044,92.06266736984253,3.7193297330873065e-09,-4.2724607851596375e-08
469.53388368075395,0.0,500.0,0.0,26,520000,40,0.00889967568218708,0.3496679961681366,0.0002895999999999997,2.994499186715882,6.173340049594831,-0.010071966034426224,54.008493185043335,39.54141020774841,93.5499050617218,6.103515470812226e-09,1.4629364386564703e-07
467.5885621805034,0.0,500.0,0.0,27,540000,40,0.00963331013917923,0.35228872299194336,0.0002891999999999997,1.801505025889084,5.314881129249645,-0.011080064028197495,55.04538941383362,41.452226877212524,96.49761891365051,-8.106232129989621e-09,-9.841919279551803e-08
456.64492465119446,0.0,500.0,0.0,28,560000,40,0.00952383503317833,0.35448724031448364,0.0002887999999999997,2.664637220257027,5.15384291288959,-0.00902177847867719,55.4680917263031,39.840540409088135,95.30863499641418,-3.6239624634504253e-09,5.340575981449547e-09
474.7945746062884,2.8,500.0,0.0,29,580000,40,0.008808109909296036,0.35632026195526123,0.0002883999999999997,2.5280567247966292,4.6694584329416795,-0.008660959474858086,52.719966173172,36.0282826423645,88.74825167655945,-6.818771325356465e-09,4.100799699813251e-08
466.78550667730116,88.39,500.0,0.0,30,600000,40,0.01103419903665781,0.35848113894462585,0.0002879999999999997,9.431791074649922,15650.02065047876,-0.10921237330978653,53.604623317718506,36.8553261756897,90.4599506855011,-3.433227480087453e-09,3.6621094068323146e-07
488.1370541916851,353.8975,500.0,0.0,31,620000,40,0.009021528996527195,0.3629906475543976,0.00028759999999999967,2.44371599286415,26.452642393112182,-0.01958617712497106,51.667433738708496,37.80703043937683,89.47446537017822,-4.0531160649948106e-09,-1.083374030486084e-07
500.7589235686767,73.83749999999999,500.0,0.0,32,640000,21,0.020775839686393738,0.3674825131893158,0.00028719999999999966,8.779763378010832,11839.8144442628,-0.017383688212815003,54.313143253326416,22.064042806625366,76.37718725204468,2.6702879907247734e-09,-3.41796862812771e-07
488.2339914942078,388.85625000000005,500.0,0.0,33,660000,40,0.007683993317186832,0.37439948320388794,0.00028679999999999965,3.017691901610915,18.37435861514632,-0.01329561124376324,57.38431668281555,34.64825248718262,92.03257036209106,-5.722046170220096e-10,5.340575981449547e-09
477.89461460917056,854.09375,500.0,0.0,34,680000,40,0.007476269733160734,0.386663019657135,0.00028639999999999964,6.252013590333948,40401.379492028806,-0.15733200587854265,53.92430639266968,37.6356782913208,91.55998682975769,1.9073485846288207e-10,-7.324219097881723e-08
477.9496949517541,0.0,500.0,0.0,35,700000,40,0.0079876109957695,0.39764004945755005,0.00028599999999999963,9.6201845140404,145.48437695685465,-0.05400769477591488,52.91714668273926,39.039576053619385,91.9567244052887,-2.38418573772492e-09,-1.068115267344183e-07
481.49985664268627,710.2,500.0,0.025,36,720000,1,0.04686945304274559,0.41246071457862854,0.0002855999999999996,10.872746399253797,29949.600101786815,0.7886243473951984,53.95992684364319,0.8514516353607178,54.8113796710968,1.00135799652179e-09,2.807617249800387e-07
474.25545936260835,0.0,500.0,0.0,37,740000,40,0.009899209253489971,0.42576512694358826,0.0002851999999999996,2.7202549735546873,31.579716605289725,-0.029670424434018267,56.173046827316284,32.40364599227905,88.57669353485107,-4.768371808516747e-10,-7.476806729300733e-08
482.7425628929699,0.0,500.0,0.0,38,760000,40,0.009881963953375816,0.4376852214336395,0.0002847999999999996,2.5952186777903017,22.77976617570136,-0.014717457737480023,54.62006998062134,34.9338104724884,89.55388331413269,-7.438659466174613e-09,-2.1362303925798187e-08
475.2086294550718,662.825,500.0,0.0,39,780000,40,0.007597304414957762,0.45307692885398865,0.0002843999999999996,7.19945672974465,27032.59606275118,-0.09316242208146745,54.82208490371704,35.796661615371704,90.61874747276306,3.433227480087453e-09,-3.7109375625732355e-06
459.2311601510672,1270.33375,500.0,0.0,40,800000,40,0.011500746011734009,0.47458094358444214,0.0002839999999999996,4.153028439678204,62781.179646119344,-0.7353928902678809,55.21788501739502,33.123329877853394,88.34121561050415,-3.910064716450279e-09,-6.713867151120212e-07
472.4771986158754,481.14375,500.0,0.0,41,820000,40,0.013477349653840065,0.4971259534358978,0.0002835999999999996,3.3192027566159608,7267.467275035154,-0.2747833729626694,55.352938413619995,35.13210368156433,90.48504304885864,-3.1471252270875993e-09,2.3193359766082722e-07
462.5769709086218,32.4975,500.0,0.0,42,840000,40,0.011198117397725582,0.5176928639411926,0.00028319999999999957,2.75678009094706,68.00359383935381,-0.05007781479678229,54.477675437927246,33.08507442474365,87.56275177001953,-1.9073485846288207e-10,-2.7465819840699623e-08
472.00011214728664,268.24375,500.0,0.0,43,860000,40,0.018349673599004745,0.5380792617797852,0.00028279999999999956,3.1171740789701983,10227.768982414076,-0.49814525093930734,54.79753565788269,31.854674339294434,86.65221118927002,2.6702879907247734e-09,-2.233886789326789e-06
474.1697389334498,97.76,500.0,0.0,44,880000,4,0.026130950078368187,0.5571421980857849,0.00028239999999999955,4.272012569532273,6346.3747538730595,0.0357161894393195,52.29965853691101,3.21881103515625,55.51847052574158,-2.6702879907247734e-09,-3.6621094068323146e-07
484.1064398170738,232.8875,500.0,0.0,45,900000,40,0.009564743377268314,0.5759499669075012,0.00028199999999999954,4.1623184918028535,197.17947072466467,-0.04812667887957446,53.10430932044983,32.403244495391846,85.50755500793457,4.911422823994371e-09,-7.629394360719743e-08
499.32639271024783,749.5337499999999,500.0,0.01125,46,920000,27,0.02197038009762764,0.5977794528007507,0.0002815999999999995,3.785727633792124,29000.748297093134,-0.3393969499831437,53.3345000743866,22.021265745162964,75.35576701164246,7.152557435219364e-10,2.5024414753715973e-06
492.19085700418435,59.625,500.0,0.013750000000000002,47,940000,40,0.012442879378795624,0.6178762912750244,0.0002811999999999995,2.905066306575848,612.602125242865,-0.12844126668853603,52.80877375602722,36.87694954872131,89.68572425842285,-3.1471252270875993e-09,2.7465819840699623e-08
470.02693783822724,0.0,500.0,0.0,48,960000,40,0.011881766840815544,0.6359636783599854,0.0002807999999999995,2.262808174141653,65.83832069961888,-0.05012905846207527,53.831947803497314,33.54623103141785,87.37818002700806,1.9550323582251394e-09,-1.2207030941624453e-08
490.28270349230525,417.725,500.0,0.0,49,980000,1,0.02486569434404373,0.6551494002342224,0.0002803999999999995,7.461558923599826,16203.167400675975,0.2933870838705901,53.61281108856201,0.9901340007781982,54.602946043014526,-5.245208711812666e-10,1.6418457562394906e-06
497.3255482548624,626.1625,500.0,0.0,50,1000000,40,0.012397434562444687,0.6766453981399536,0.0002799999999999995,5.328755738040444,29840.457699233863,-0.5880017164501415,54.147783041000366,35.03756761550903,89.18535256385803,-8.201599399626502e-09,9.033203127728484e-07
115.97068966386414,13129.6825,500.0,0.0,51,1020000,40,0.010202392935752869,0.7045125365257263,0.0002795999999999995,46.638769476277055,886234.9651124602,-0.9691324747197188,61.11910605430603,36.063196659088135,97.18230390548706,4.00543198608716e-09,8.78906234902388e-07
21.659729725774593,7667.176250000001,500.0,0.0,52,1040000,40,0.008455503731966019,0.7384066581726074,0.00027919999999999947,24.018196837461677,260057.02787681628,-0.9286447430871854,58.21137881278992,33.189425468444824,91.4008059501648,2.0980834847250662e-09,-1.538085962238256e-05
15.557503394496575,3012.6924999999997,500.0,0.0,53,1060000,40,0.008182472549378872,0.7732378840446472,0.00027879999999999946,12.481635913651461,134457.46196119953,-0.5733251565818195,58.440873861312866,36.17872166633606,94.61959648132324,-2.0980834847250662e-08,-4.711914243671345e-06
13.874578293365683,604.63625,500.0,0.0,54,1080000,40,0.004861410707235336,0.8057544231414795,0.00027839999999999945,5.6197647409074625,1212.9078532613767,-0.029963694478438538,57.62526988983154,33.72305917739868,91.34833002090454,-1.9378661875180114e-07,-6.83593725625542e-07
14.215273869042647,812.05,500.0,0.0,55,1100000,40,0.0051325648091733456,0.8364805579185486,0.00027799999999999944,4.569574165211361,41800.431850839115,-0.29565848051837296,58.012396812438965,34.091657638549805,92.10405564308167,3.433227480087453e-09,9.765624753299562e-08
10.187718140415218,0.0,500.0,0.0,56,1120000,40,0.004544978495687246,0.8643434047698975,0.00027759999999999943,2.66171145463825,293.37881381040927,-0.029902279538926994,54.43624544143677,38.460458755493164,92.89670515060425,-3.4713744412329106e-07,1.367187451251084e-06
9.470573275240179,0.0,500.0,0.0,57,1140000,32,0.024764051660895348,0.8896024823188782,0.0002771999999999994,2.4187331917891455,174.149882665865,-0.011369673581942205,56.2543830871582,28.95874285697937,85.21312737464905,7.286071479484235e-08,3.479003964912408e-07
6.019438146484037,0.0,500.0,0.0,58,1160000,40,0.005219501908868551,0.9124941825866699,0.0002767999999999994,1.4251740974795286,70.66783491304726,-0.0036526753279457615,57.99703001976013,35.37670063972473,93.37373185157776,-1.2187958020604128e-07,1.9882202195731224e-06
5.057276106896586,0.0,500.0,0.0,59,1180000,40,0.004161808639764786,0.9332336783409119,0.0002763999999999994,1.4617271746989269,76.61437590410755,-0.0103331009563723,54.79014873504639,35.034252405166626,89.82440209388733,2.3884771849225217e-07,1.370239260722883e-06
4.7561669515234,0.0,500.0,0.0,60,1200000,40,0.005332222208380699,0.9520168304443359,0.0002759999999999994,1.1213947997351361,47.098416064195575,-0.00710296191743747,55.919201612472534,36.741182804107666,92.66038513183594,1.758575507437854e-07,1.5686034657846903e-06
4.793898354944358,0.0,500.0,0.0,61,1220000,40,0.004449560772627592,0.9690220355987549,0.0002755999999999994,1.0541372920582248,40.84186505329837,-0.007226518145317485,55.19068908691406,34.179941177368164,89.37063193321228,-4.577636758540393e-08,-7.629394338515283e-10
4.935145496007705,0.0,500.0,0.0,62,1240000,40,0.005555968265980482,0.9844114780426025,0.00027519999999999937,0.9751153541788175,37.132215925994196,-0.00454256096854806,55.116076707839966,34.22371292114258,89.33979082107544,-1.0490417423625331e-08,-5.729675081056484e-07
4.963416693161963,0.0,500.0,0.0,63,1260000,40,0.0036236823070794344,0.9983328580856323,0.00027479999999999936,1.3378969796998486,104.00139025244744,-0.010459874637697817,55.84706115722656,34.14031195640564,89.98737382888794,-1.310348523020366e-07,-1.3580321933659434e-07
4.74176581002086,0.0,500.0,0.0,64,1280000,40,0.00823457632213831,1.010920524597168,0.00027439999999999935,1.116833402444223,76.22869190106726,-0.01025341270954176,56.66226124763489,33.112380266189575,89.7746422290802,7.629394338515283e-10,-6.103515488575795e-07
4.942489113097888,0.0,500.0,0.0,65,1300000,40,0.00477917306125164,1.0222965478897095,0.00027399999999999934,0.9108607369908102,47.969513080985685,-0.00800138452048799,55.43331694602966,33.974504709243774,89.40782284736633,-2.002716037452501e-08,-1.0272980262016063e-06
4.838416941114363,6.775,500.0,0.0,66,1320000,40,0.0059491489082574844,1.0325837135314941,0.00027359999999999933,0.9890313091836158,129.3672490982493,-0.025919991948013046,55.44706463813782,33.244619369506836,88.69168472290039,1.6422271187366277e-07,2.5482177079538815e-07
5.038441760991735,0.0,500.0,0.0,67,1340000,40,0.006168705876916647,1.041870355606079,0.0002731999999999993,1.0036348028547446,98.04385640028936,-0.015837887934836186,55.69111680984497,33.50887656211853,89.19999432563782,9.107589704626662e-08,1.0871887212715592e-07
5.5175005991497885,982.325,500.0,0.0,68,1360000,40,0.004588424693793058,1.0519393682479858,0.0002727999999999993,1.3291089870557664,27988.914855899326,-0.06208270855580166,56.07489848136902,33.41576433181763,89.49066400527954,-9.250641141989036e-09,2.4780274543445557e-06
5.643444435123001,440.96624999999995,500.0,0.0,69,1380000,40,0.00465079490095377,1.0617940425872803,0.0002723999999999993,2.378763323747049,38722.60410790838,-0.3336759236160737,56.44290637969971,32.23136019706726,88.67426800727844,-1.0449886644892104e-07,-1.367187451251084e-06
5.964096565063935,670.7837499999999,500.0,0.0,70,1400000,40,0.008566522039473057,1.0718587636947632,0.0002719999999999993,0.8002812341330158,78.40160595535473,-0.01920791934155355,57.370152950286865,34.64599847793579,92.01615500450134,-1.7166137400437265e-09,-3.662109548940862e-08
5.11077974687751,0.0,500.0,0.0,71,1420000,40,0.00690525583922863,1.0809389352798462,0.0002715999999999993,0.692803082382603,79.58195995039242,-0.007467676643697414,56.53747081756592,34.167895555496216,90.70536875724792,-6.713867151120212e-08,-3.662109548940862e-08
4.783617123968663,0.0,500.0,0.0,72,1440000,40,0.006350969895720482,1.0891252756118774,0.0002711999999999993,0.6433156318820207,40.490987042105125,-0.00296389788328403,56.198781967163086,33.64676356315613,89.84554743766785,-6.599426427555954e-08,-2.5768281375349034e-07
5.0433461357114995,0.0,500.0,0.0,73,1460000,40,0.011215602979063988,1.0965005159378052,0.00027079999999999926,0.5926426653649397,36.84288748540696,-0.006927199490297182,56.47906827926636,32.960471630096436,89.43954110145569,5.207061803957913e-08,-1.63269049835435e-07
4.974411925836035,0.0,500.0,0.0,74,1480000,40,0.00662908935919404,1.1031396389007568,0.00027039999999999925,0.5431221520350238,41.93441510352359,-0.0073514987397227125,56.19194197654724,31.952882528305054,88.14482545852661,-8.087157965519509e-08,-1.5411376352858497e-07
4.884198338745179,0.0,500.0,0.0,75,1500000,40,0.004676014184951782,1.109110713005066,0.00026999999999999924,0.5913080443669656,35.93102831688656,-0.01879651712722317,56.94555735588074,36.7297248840332,93.67528486251831,-1.0337829792206321e-07,5.981445383440587e-07
4.893641057043671,0.0,500.0,0.0,76,1520000,40,0.0049724336713552475,1.1144756078720093,0.00026959999999999923,0.6111147943101112,61.18011652891803,-0.010586923659500327,58.159340620040894,33.13326907157898,91.29261088371277,3.128051773160223e-08,-7.781982276355848e-07
5.0993619892248585,0.0,500.0,0.0,77,1540000,40,0.005639275070279837,1.1192904710769653,0.0002691999999999992,0.4919187442702093,35.27944438654906,-0.021413416704340917,55.051584005355835,33.48828935623169,88.53987431526184,1.3828277189986693e-08,2.685546860448085e-07
5.541561362653875,0.0,500.0,0.0,78,1560000,40,0.006524460390210152,1.1236063241958618,0.0002687999999999992,0.45134790055691054,50.47652446115093,-0.015814902996763018,56.33704328536987,33.42146921157837,89.7585141658783,2.8991699707603402e-08,-1.0765076012830832e-06
5.353497763152147,0.0,500.0,0.0,79,1580000,40,0.005784396082162857,1.1274694204330444,0.0002683999999999992,0.4147793794513508,35.97372909047801,-0.018601661844914602,57.650365591049194,32.92883777618408,90.57920432090759,1.6975402417074292e-08,6.68334962483641e-07
5.477501694140912,0.0,500.0,0.0,80,1600000,40,0.00403882609680295,1.1309218406677246,0.0002679999999999992,0.4108867740412806,99.82877102080424,-0.009301521429483582,55.90058183670044,32.6478796005249,88.54846262931824,1.43623353210387e-07,3.4332276754867053e-07
5.535913610249549,0.0,500.0,0.0,81,1620000,40,0.00482563953846693,1.134001612663269,0.0002675999999999992,0.369640952804286,55.873992562749585,-0.01782540726285594,56.52609133720398,32.953760385513306,89.4798526763916,-1.831054774470431e-08,-3.295898522992502e-07
5.494476416877951,0.0,500.0,0.0,82,1640000,40,0.004157474730163813,1.1367433071136475,0.0002671999999999992,0.32285106335855596,31.70138120529758,-0.009818665532671082,56.19399976730347,33.27886128425598,89.4728627204895,-6.465911894792953e-08,6.866454960174906e-09
5.463397776341521,0.0,500.0,0.0,83,1660000,40,0.004956457298249006,1.1391783952713013,0.00026679999999999917,0.2999789211970226,31.25302939718696,-0.01066646993050506,56.914576292037964,33.69419980049133,90.60877728462219,-9.179115245672165e-09,8.239746307481255e-08
5.471734233889417,0.0,500.0,0.0,84,1680000,40,0.005127402488142252,1.1413352489471436,0.00026639999999999916,0.28008781647321523,49.2876920882304,-0.009581458855384759,60.21786332130432,32.84259057044983,93.06045532226562,-3.280639759850601e-08,-1.1291503909660605e-07
4.918403797728546,0.0,500.0,0.0,85,1700000,40,0.005852315109223127,1.1432397365570068,0.00026599999999999915,0.24855181524518188,30.912592432605233,-0.01080022156831755,58.31539535522461,34.77719044685364,93.09258699417114,-1.1615752981697369e-07,-4.806518560940276e-08
5.473611676363847,0.0,500.0,0.0,86,1720000,40,0.005266617052257061,1.144915223121643,0.00026559999999999914,0.22064602312151413,30.20613395059185,-0.009386363444749005,57.31975722312927,33.13299059867859,90.45274877548218,7.371902199793112e-08,9.155273517080786e-08
5.709491635589284,0.0,500.0,0.0,87,1740000,40,0.004028135910630226,1.1463830471038818,0.00026519999999999913,0.19996342253248403,40.701275907808046,-0.007095750931733448,57.73764133453369,33.65305781364441,91.39070010185242,5.111694179049664e-08,6.141662822756189e-08
5.725499153805326,34.5,500.0,0.0,88,1760000,40,0.004057193640619516,1.147730827331543,0.0002647999999999991,0.196020330998833,43.02008835494898,-0.03922409128551935,57.44739603996277,32.82184648513794,90.26924347877502,2.2125243859250077e-08,1.9836426190522616e-07
5.195123894082373,0.0,500.0,0.0,89,1780000,40,0.009280066937208176,1.148901104927063,0.0002643999999999991,0.16592430655079282,37.568457601936004,-0.02004669054194834,58.9576416015625,32.329397201538086,91.28703999519348,-1.9645691295977485e-08,1.9683838559103606e-07
5.469627851710842,0.0,500.0,0.0,90,1800000,40,0.005841688718646765,1.1499103307724,0.0002639999999999991,0.14429607473930736,29.039872460152694,-0.014574610187144132,59.845704793930054,33.09762668609619,92.94333267211914,5.6552888594296746e-08,1.4228821498818434e-07
6.008171776035658,299.975,500.0,0.0,91,1820000,40,0.006169058848172426,1.1513785123825073,0.0002635999999999991,0.14260699266010218,1906.2595786610987,-0.11311361345515888,58.00751709938049,32.45744180679321,90.4649600982666,7.307529159561454e-08,1.8554687812866177e-06
6.246171527297608,299.975,500.0,0.0,92,1840000,40,0.0060572936199605465,1.1532649993896484,0.0002631999999999991,0.11569754675884915,97.81135080817398,-0.019262945234099296,57.96495771408081,35.12102937698364,93.08598923683167,8.454323108253448e-08,1.098632793627985e-07
5.973212138241571,0.0,500.0,0.0,93,1860000,40,0.004912306554615498,1.1549214124679565,0.00026279999999999907,0.10092344188315283,70.78925881871751,-0.015330792551824622,60.51853013038635,33.174020290374756,93.69255137443542,-5.149841442175784e-08,-2.5329589448119805e-07
6.2433607705453245,0.0,500.0,0.0,94,1880000,40,0.006694429088383913,1.1563693284988403,0.00026239999999999906,0.08914372822400302,32.436432986654296,-0.009886296136767432,58.19646954536438,34.55083751678467,92.7473087310791,-7.915496702537439e-09,1.1978148961588886e-07
7.803128281384898,0.4462499999999999,500.0,0.0,95,1900000,40,0.006577239837497473,1.1576290130615234,0.00026199999999999905,0.08045301070543612,37.4089375231676,-0.014007025507462632,59.642958879470825,33.24997162818909,92.89293146133423,2.3460387410523253e-08,6.027221388649195e-08
8.221450457401911,1999.3275,500.0,0.0,96,1920000,40,0.00505444873124361,1.1628223657608032,0.00026159999999999904,0.13870003075356696,104980.74757957277,-1.0304416692180998,57.61048412322998,34.43531894683838,92.04580497741699,-3.6525726443414896e-08,2.90527350443881e-06
8.530452196025802,1286.7762500000001,500.0,0.0,97,1940000,40,0.005365063436329365,1.170108675956726,0.00026119999999999903,0.08405796621042262,241.25633938783292,-0.04172363841823142,60.246814489364624,32.42604875564575,92.67286467552185,-1.1444092340440193e-09,3.906249901319825e-07
7.0100532054379725,0.0,500.0,0.0,98,1960000,40,0.008273705840110779,1.176649808883667,0.000260799999999999,0.059711825134007225,99.86398220973409,-0.05098840249998934,56.53185701370239,32.16137933731079,88.6932373046875,9.39846032110836e-08,-1.190185571431357e-06
7.318616739577365,1177.975,500.0,0.0,99,1980000,40,0.006498795934021473,1.1849491596221924,0.000260399999999999,0.05590975394377568,38661.55613376168,-0.38737117654768527,54.52685832977295,32.988850116729736,87.5157105922699,1.2588500908350397e-08,-6.591797045985004e-07
10.718369674550209,0.0,500.0,0.0,100,2000000,40,0.0040803756564855576,1.1924058198928833,0.000259999999999999,0.062207914658697544,130.58299519241237,-0.01606968770005331,58.36473631858826,32.72819209098816,91.09292960166931,-8.392333938900265e-09,-2.899169828651793e-07
267.5370900245354,0.0,500.0,0.0,101,2020000,40,0.0042550405487418175,1.1990994215011597,0.000259599999999999,2.9445396156827357,11591.596941545815,-0.15062813277172435,53.51322531700134,33.49853324890137,87.01175999641418,-1.4305114426349519e-08,-2.7832031719299266e-06
351.4995083806303,0.0,500.0,0.0,102,2040000,40,0.006863081362098455,1.2051022052764893,0.000259199999999999,2.0157012175127957,6987.383824118839,-0.20079589665683498,57.54667115211487,33.96444606781006,91.51111888885498,1.638412499005426e-07,-4.6386719532165444e-07
351.9367745371119,0.0,500.0,0.0,103,2060000,40,0.005413374397903681,1.2104793787002563,0.00025879999999999897,1.7993383740211368,5081.750146941166,-0.1183167524493424,53.294121503829956,33.357666015625,86.6517882347107,1.8177031790855835e-07,-1.025390588438313e-06
353.0018007790728,0.0,500.0,0.0,104,2080000,40,0.004659748170524836,1.2152901887893677,0.00025839999999999896,1.46082295298956,1966.2902332038636,-0.09943647610771049,55.57910943031311,33.89247679710388,89.47158861160278,5.025863814012155e-08,-6.103515488575795e-07
351.27590989986123,0.0,500.0,0.0,105,2100000,40,0.006732075475156307,1.2195881605148315,0.00025799999999999895,1.7709038910592438,1882.1405141162265,-0.0791478067583102,53.46648073196411,33.7448091506958,87.21129083633423,1.4247893886931706e-07,-9.033203127728484e-07
395.17062157816406,0.0,500.0,0.0,106,2120000,40,0.007337174843996763,1.2234218120574951,0.00025759999999999894,3.088320508380984,634.882360430432,-0.09174345491934496,56.29027557373047,33.684592723846436,89.97486972808838,-1.210212730029525e-07,-8.544921570319275e-08
384.3320064037004,0.0,500.0,0.0,107,2140000,40,0.007136248983442783,1.2268351316452026,0.00025719999999999893,3.491174087820539,609.5444346105976,-0.05560877939187892,54.74929428100586,32.848039865493774,87.59733581542969,7.638931265319115e-08,2.4414063659605745e-07
405.21801323983107,0.0,500.0,0.0,108,2160000,40,0.0055653853341937065,1.2298678159713745,0.0002567999999999989,2.7424462829425837,614.8367447919907,-0.0647525006288271,54.759889364242554,31.695460081100464,86.45535111427307,-4.0292739811320644e-08,4.39453117451194e-07
398.513179122956,0.0,500.0,0.0,109,2180000,40,0.005251060239970684,1.232555866241455,0.0002563999999999989,3.87577024502739,362.88290079201863,-0.05530632031535741,51.40619874000549,32.69203019142151,84.0982301235199,-7.286071479484235e-08,1.4648438195763447e-07
431.13191048876695,0.0,500.0,0.0,110,2200000,40,0.00536475470289588,1.2349318265914917,0.0002559999999999989,4.500421062928097,207.85228223861404,-0.056511518442232136,55.138819217681885,33.16526436805725,88.30408453941345,-2.546310362561144e-08,8.69750991228102e-08
436.99433819588796,0.0,500.0,0.0,111,2220000,40,0.007239216472953558,1.237025260925293,0.0002555999999999989,3.8863708557216983,197.24305458372567,-0.04433702480605548,52.31336998939514,34.202879190444946,86.51625037193298,-3.6430357397421176e-08,-6.591797045985004e-07
399.7203562704338,0.0,500.0,0.0,112,2240000,40,0.006605437491089106,1.2388628721237183,0.0002551999999999989,3.947935631795294,248.561660293409,-0.056782287757867464,53.97164750099182,33.752830505371094,87.7244803905487,-1.3160705414350105e-08,8.03375257873995e-07
425.3063463972555,0.0,500.0,0.0,113,2260000,40,0.00966047216206789,1.2404687404632568,0.0002547999999999989,5.351386521462422,98.14278241783191,-0.04755532615551144,53.83951663970947,35.075122356414795,88.91463971138,-1.754760781125242e-08,-3.33786012163273e-08
455.0745718529314,0.0,500.0,0.0,114,2280000,40,0.005478492006659508,1.241864800453186,0.00025439999999999887,5.5327278277676575,87.87807129902446,-0.039835369026371435,57.70841670036316,34.78769636154175,92.49611568450928,2.5272369086337676e-08,8.392333938900265e-09
427.7897575994274,0.0,500.0,0.0,115,2300000,40,0.005549747962504625,1.2430708408355713,0.00025399999999999886,4.4074144141879055,65.85361937504665,-0.030058408810929128,51.573912620544434,34.38279414176941,85.95670819282532,-1.277923544762416e-08,4.913330258204951e-07
477.96658563907056,0.0,500.0,0.0,116,2320000,40,0.005081313196569681,1.2441047430038452,0.00025359999999999885,10.44976784799509,98.52797509636848,-0.029943931436723775,54.73115396499634,32.75876188278198,87.48991680145264,-2.241134566816072e-08,5.21850608947716e-07
507.1685765827813,0.0,500.0,0.0,117,2340000,40,0.008338692598044872,1.2449827194213867,0.00025319999999999884,6.615477708247816,53.10388838834823,-0.037250574860294726,51.29935383796692,33.50952458381653,84.80887961387634,4.1961669694501325e-09,-5.378723244575667e-07
487.6486966891961,0.0,500.0,0.0,118,2360000,40,0.0059345792979002,1.2457194328308105,0.0002527999999999988,9.74082229091863,64.77720236930118,-0.029347247854587,55.891884565353394,32.46188020706177,88.35376572608948,-1.9073485846288207e-10,-8.964538551481382e-07
521.2834821265928,0.0,500.0,0.0,119,2380000,40,0.006045612506568432,1.2463282346725464,0.0002523999999999988,13.199923249338843,54.73894106931747,-0.030717240752960753,52.55439376831055,33.96300148963928,86.5173966884613,-1.6212463593845428e-09,-1.4495849853801701e-08
572.665226795449,0.0,500.0,0.0,120,2400000,40,0.007856321521103382,1.2468210458755493,0.0002519999999999988,7.64007123044342,47.31199941756619,-0.021851777802607057,53.65734338760376,33.16083002090454,86.81817436218262,-2.2912026054200396e-08,1.441955532754946e-07
583.7498473816977,0.0,500.0,0.0,121,2420000,40,0.006904590409249067,1.247208833694458,0.0002515999999999988,10.5026562957627,67.48221019088842,-0.027898170348482243,54.061928272247314,31.91393494606018,85.97586393356323,-5.2452087118126656e-09,-4.2572020220177365e-07
579.5107192587714,0.0,500.0,0.0,122,2440000,40,0.0077583626843988895,1.247501254081726,0.0002511999999999988,14.744978341251421,115.80485922758746,-0.02870513488046208,52.1396484375,33.57985711097717,85.71950626373291,-2.155304024142879e-08,0.0
602.2042715922532,0.0,500.0,0.0,123,2460000,40,0.005312823224812746,1.2477073669433594,0.0002507999999999988,23.669751452792223,50.75306189105769,-0.02007582690166369,53.32761526107788,33.40447378158569,86.73209023475647,-1.4495849853801701e-08,1.9683838559103606e-07
616.9755341646899,0.0,500.0,0.0,124,2480000,40,0.007826763205230236,1.2478351593017578,0.00025039999999999877,7.190409695342847,93.50234599690529,-0.03062894282844748,53.99737548828125,33.76534175872803,87.7627182006836,-1.0490417423625331e-08,1.4343261511839955e-07
698.585139512719,0.0,500.0,0.0,125,2500000,40,0.007040747907012701,1.2478917837142944,0.00024999999999999876,52.20327199963248,73.9129805406947,-0.022615142037000532,53.196885108947754,33.98415780067444,87.18104362487793,3.8146971692576415e-10,-1.899719279663259e-07
673.5806194055765,0.0,500.0,0.0,126,2520000,40,0.0076703415252268314,1.2478840351104736,0.00024959999999999875,17.98603217632148,51.629385285468615,-0.018952781353946655,50.66560196876526,32.987552881240845,83.65315580368042,-5.340575981449547e-09,3.623962356869015e-07
612.282906042133,0.0,500.0,0.0,127,2540000,40,0.007544617634266615,1.2478177547454834,0.00024919999999999874,10.506400176522078,46.69560246133501,-0.01841259309072878,53.817771673202515,32.67994499206543,86.49771761894226,2.5272368642248466e-09,7.705688176429248e-08
605.3963227675474,0.0,500.0,0.0,128,2560000,40,0.007735436782240868,1.2476983070373535,0.00024879999999999873,10.193298445803345,37.82292561500695,-0.017093952585776947,51.687495708465576,33.3350727558136,85.02256941795349,-1.1396408261532542e-08,-3.4809113458322827e-07
710.6261858020872,0.0,500.0,0.0,129,2580000,40,0.006605136673897505,1.2475305795669556,0.0002483999999999987,14.853656939070696,55.64302858121835,-0.014879630007158228,55.47272276878357,34.368266105651855,89.8409903049469,1.9407272233706863e-08,-5.493163968139925e-08
695.121627887317,0.0,500.0,0.0,130,2600000,40,0.010129583068192005,1.247318983078003,0.0002479999999999987,17.004819156637616,55.5201159495457,-0.020320846846736493,52.99937295913696,36.5774667263031,89.57684063911438,-3.433227480087453e-09,1.5182494905729982e-07
749.5647862005516,0.0,500.0,0.0,131,2620000,40,0.0073242951184511185,1.2470674514770508,0.0002475999999999987,12.433811896242155,39.125327174071295,-0.011941111049908481,54.917569637298584,33.432851791381836,88.35042238235474,2.565383994124204e-08,1.2168884211405384e-07
692.7461564054597,0.0,500.0,0.0,132,2640000,40,0.006859435234218836,1.2467796802520752,0.0002471999999999987,12.493182698632502,40.87201940633689,-0.020970781887347578,55.47136449813843,35.56288266181946,91.0342493057251,2.956390465769232e-09,4.577636936176077e-09
786.6771862208968,0.0,500.0,0.0,133,2660000,40,0.007760404143482447,1.246458888053894,0.0002467999999999987,29.322095882133315,51.79473781342719,-0.022545991936152813,51.59184813499451,33.438981771469116,85.03083062171936,1.907348590179936e-08,1.083374030486084e-07
685.609793696791,0.0,500.0,0.0,134,2680000,40,0.0068048471584916115,1.246108055114746,0.00024639999999999867,22.54817809716911,39.43586553737616,-0.015542171119080536,56.756975412368774,34.57632613182068,91.33330273628235,-1.2969970875076342e-08,2.601623521059082e-07
819.1738495563483,0.0,500.0,0.0,135,2700000,40,0.006829079240560532,1.2457298040390015,0.00024599999999999866,31.77313285116937,35.35084027545467,-0.011152849373093266,52.84396171569824,32.318440437316895,85.16240334510803,-2.4318695945879654e-09,1.6098022115329513e-07
672.3810800484114,0.0,500.0,0.0,136,2720000,40,0.008888027630746365,1.2453265190124512,0.00024559999999999865,52.51109748402978,38.58464408497901,-0.014769931863711637,53.7516405582428,34.2816321849823,88.03327369689941,-9.346008411625917e-09,-3.814697180359872e-08
683.5032266628957,0.0,500.0,0.0,137,2740000,40,0.0068403067998588085,1.2449004650115967,0.00024519999999999864,26.003157482785024,33.22593291549926,-0.010041979583540849,53.44030737876892,35.236045360565186,88.67635416984558,-2.8610229740877458e-09,-2.2888183792701966e-08
717.5721725442821,0.0,500.0,0.0,138,2760000,40,0.008081326261162758,1.2444535493850708,0.00024479999999999863,21.923757813348892,36.443867188957846,-0.008359758057972642,57.82950568199158,32.09031820297241,89.91982507705688,8.201599399626502e-09,1.9931793815430865e-07
680.0723823772744,0.0,500.0,0.0,139,2780000,40,0.009222356602549553,1.2439875602722168,0.0002443999999999986,20.142031965058322,42.07055063976604,-0.011305662839833624,51.35241389274597,34.514116287231445,85.86653184890747,-2.3841859042583735e-10,5.9509275729396904e-08
645.3186779311503,0.0,500.0,0.0,140,2800000,40,0.009824429638683796,1.2435040473937988,0.00024399999999999864,23.59227485694703,33.45663165256476,-0.010793564682099731,52.26470732688904,34.54920148849487,86.81391167640686,9.918212917625624e-09,-3.204345588869728e-08
760.3017126071994,0.0,500.0,0.0,141,2820000,40,0.007155872881412506,1.243004560470581,0.00024359999999999866,17.702788932991634,31.55705306788159,-0.007241001372762428,51.00390672683716,34.24868869781494,85.252596616745,-6.866454960174906e-09,-1.4114379887075756e-08
686.8912629263018,0.0,500.0,0.0,142,2840000,40,0.006584384012967348,1.2424904108047485,0.00024319999999999865,10.257129637830577,53.49141697124311,-0.01462088483192952,52.39096450805664,35.09077191352844,87.48173785209656,-2.717971847587819e-09,-2.166748060972168e-07
732.3333090890326,0.0,500.0,0.0,143,2860000,40,0.008237608708441257,1.2419627904891968,0.00024279999999999864,13.35983061266553,41.81698783795545,-0.012117720746352176,53.543150424957275,35.581639766693115,89.12479138374329,2.479553229406406e-09,4.501342942830888e-08
623.202475589847,0.0,500.0,0.0,144,2880000,40,0.007845863699913025,1.2414227724075317,0.00024239999999999865,13.271878176092342,32.50798851486984,-0.011616664150637829,52.28839612007141,34.61953330039978,86.90793085098267,7.534026735811494e-09,1.0719299581296582e-07
677.635888103929,0.0,500.0,0.0,145,2900000,40,0.009443766437470913,1.2408713102340698,0.00024199999999999867,6.2435494567178615,32.89544840709419,-0.008530175940587428,52.720858335494995,36.52831506729126,89.24917411804199,-9.53674295089968e-09,8.583068478174027e-09
734.7893222949662,0.0,500.0,0.0,146,2920000,40,0.009115274995565414,1.240309238433838,0.0002415999999999987,6.3963660183985525,38.50105342925734,-0.01125941589455399,53.10071587562561,42.02504539489746,95.12576293945312,-1.044273378880689e-08,5.111694179049664e-08
766.8032426446607,0.0,500.0,0.0,147,2940000,40,0.009488511830568314,1.2397373914718628,0.0002411999999999987,7.202128867358918,30.979634985346703,-0.010223095586885266,52.833221435546875,33.43949866294861,86.2727210521698,-3.3855438452690123e-09,2.403259280470138e-08
705.006904159642,0.0,500.0,0.0,148,2960000,40,0.009514220990240574,1.2391566038131714,0.00024079999999999872,7.091838605312785,32.511733435977035,-0.013805503887532183,53.496734380722046,32.12905240058899,85.62578916549683,-2.403259280470138e-08,-4.501342942830888e-08
789.8646651130219,0.0,500.0,0.0,149,2980000,40,0.008130557835102081,1.2385673522949219,0.00024039999999999874,9.034321894045847,28.594184092503443,-0.011668551315636533,52.385905742645264,35.83896851539612,88.22487592697144,2.3555756456516974e-08,8.16345249177175e-08
762.9730978376813,0.0,500.0,0.0,150,3000000,40,0.007359212264418602,1.2379703521728516,0.00023999999999999873,15.803483263854009,27.169236052567793,-0.008826460278478812,50.32570934295654,35.92915892601013,86.25486946105957,2.0217894913798773e-08,-3.8051606310318675e-08
208.28451948369138,0.0,500.0,0.0,151,3020000,40,0.007280380930751562,1.2373660802841187,0.00023959999999999872,23.329992979726974,152.3714066268532,-0.0587110830198048,59.2686448097229,34.539658308029175,93.80830550193787,8.888244451554783e-08,-9.548186881147558e-07
3.5348787876050904,0.0,500.0,0.0,152,3040000,40,0.004471094347536564,1.2367550134658813,0.0002391999999999987,13.455902969647365,149.0478695377423,-0.06196086198494882,54.553208112716675,35.57941937446594,90.13262915611267,5.60760504697555e-08,5.55419944703317e-07
3.6832379478436663,0.0,500.0,0.0,153,3060000,40,0.0071577955968678,1.2361376285552979,0.0002387999999999987,11.842360622222257,172.7154751085172,-0.06611101467527188,55.33232021331787,34.49025559425354,89.82257771492004,-3.776550272505119e-08,-4.7607420583517523e-07
3.2453913500002676,0.0,500.0,0.0,154,3080000,40,0.006658387836068869,1.2355142831802368,0.0002383999999999987,4.64771608854555,92.83252878006856,-0.06375896795682466,54.50054049491882,34.2499783039093,88.75051951408386,1.4600753672766587e-07,-8.422851465184067e-07
3.2307177134550784,0.0,500.0,0.0,155,3100000,40,0.006500265561044216,1.234885334968567,0.00023799999999999868,4.6245665479997164,56.31406675022878,-0.03778537708233781,53.90852975845337,33.583983182907104,87.49251389503479,-1.7118454209708034e-08,2.733230530793662e-07
2.8592914149810005,0.0,500.0,0.0,156,3120000,40,0.005909227766096592,1.2342511415481567,0.00023759999999999867,4.5368485957194284,55.015275238729586,-0.031859400502115394,56.32648038864136,35.9527907371521,92.27927231788635,-1.3065338144713223e-08,9.155273872352154e-09
2.7563683870804034,0.0,500.0,0.0,157,3140000,40,0.007149009499698877,1.2336119413375854,0.00023719999999999866,3.847160192697671,47.82236260517388,-0.0333921520155113,56.84614562988281,34.23613357543945,91.0822811126709,8.44001775135439e-08,4.2724607851596375e-08
2.87187130112722,0.0,500.0,0.0,158,3160000,40,0.007010098081082106,1.2329680919647217,0.00023679999999999868,3.7615296958358426,50.790811157834,-0.029459219793403508,57.386096477508545,35.202561378479004,92.58865928649902,-9.126663513825406e-08,8.621216096571516e-08
3.596516234873558,0.0,500.0,0.0,159,3180000,40,0.007774821482598782,1.2323198318481445,0.0002363999999999987,3.266385352421718,70.34383186868801,-0.02456558161833365,54.861743450164795,36.14325571060181,91.0050003528595,7.257461476228855e-08,1.9683838559103606e-07
2.849508849354914,0.0,500.0,0.0,160,3200000,40,0.00684405816718936,1.2316672801971436,0.00023599999999999872,2.815160003019746,67.39572924170524,-0.024106738366079843,54.720587730407715,35.59888172149658,90.31947135925293,5.841255301675119e-08,-9.613037121880552e-08
2.564105786396037,0.0,500.0,0.0,161,3220000,40,0.00786042120307684,1.2310106754302979,0.00023559999999999873,2.8066284101480132,96.15979701181885,-0.02233559998633951,57.21120476722717,34.634647369384766,91.84585309028625,-2.2983551062338847e-08,-7.171630755919978e-08
2.5684573070256222,0.0,500.0,0.0,162,3240000,40,0.00785769335925579,1.230350136756897,0.00023519999999999872,2.2043101299150734,161.98368067468047,-0.028727434931773762,58.26014971733093,35.78629231452942,94.0464437007904,7.23361992527316e-08,-1.1596679883041361e-07
3.1190225945199495,0.0,500.0,0.0,163,3260000,40,0.008024642243981361,1.22968590259552,0.00023479999999999874,2.010807085948385,123.2707194191635,-0.03391391519059658,57.29894757270813,34.33661961555481,91.63556861877441,4.785060880863057e-08,-4.2724607851596375e-08
3.102553349228999,0.0,500.0,0.0,164,3280000,40,0.006990391761064529,1.2290180921554565,0.00023439999999999873,1.9930143944966565,75.33464976511183,-0.02083866058983751,55.86777329444885,34.567222595214844,90.43499827384949,2.8276444297148373e-08,-5.111694179049664e-08
3.3888234483233717,6.4125,500.0,0.0,165,3300000,40,0.006615989841520786,1.22836434841156,0.00023399999999999872,2.0370127171467822,46.73927379808608,-0.028861444146864732,60.20243954658508,36.43781137466431,96.64025330543518,1.4925003455346086e-08,-7.667541268574496e-08
3.1926564592170834,6.4125,500.0,0.0,166,3320000,40,0.00541816558688879,1.227723240852356,0.0002335999999999987,1.597756932761259,27.851996953927788,-0.018589399259531528,57.71460270881653,34.65822434425354,92.37282967567444,2.5939941750152684e-08,1.8157959402742563e-07
2.9572439724074533,0.0,500.0,0.0,167,3340000,40,0.006418237462639809,1.2270756959915161,0.00023319999999999873,1.5758111967023012,28.82661892836261,-0.014666096749863806,56.56250333786011,33.847933292388916,90.41043758392334,-3.8146971692576415e-10,2.3193359766082722e-07
3.3289894683232526,0.0,500.0,0.0,168,3360000,40,0.006501649506390095,1.2264220714569092,0.00023279999999999872,1.5002955857735532,35.0836333946058,-0.01842969913883906,62.21297240257263,33.52506351470947,95.73803687095642,-1.8262863221707448e-08,-9.155273872352154e-09
3.1961515156736,14.7,500.0,0.0,169,3380000,40,0.006818380672484636,1.2258034944534302,0.0002323999999999987,1.3967620348474783,41.30070777729059,-0.029370922432206927,60.55681347846985,33.930155754089355,94.48697066307068,-2.574920721087892e-09,-2.1209716294379177e-07
2.897182772022564,0.0,500.0,0.0,170,3400000,40,0.006996900774538517,1.2251756191253662,0.00023199999999999873,1.203420116206643,33.07906446548024,-0.011820128931112256,60.02749276161194,34.21715950965881,94.24465441703796,4.386901952813105e-09,1.3732909920349812e-08
2.868732481836498,0.0,500.0,0.0,171,3420000,40,0.006955895107239485,1.2245391607284546,0.00023159999999999874,1.2609416176748882,29.04447036184323,-0.014500009521225076,56.802549839019775,34.29295563697815,91.09550642967224,-1.4305114426349519e-08,-1.9454956756703723e-08
2.6257698671351823,0.0,500.0,0.0,172,3440000,40,0.006999146193265915,1.223894715309143,0.00023119999999999876,1.1495439967437155,35.28099328332646,-0.010739596595002968,59.37696027755737,33.69017171859741,93.06713318824768,-3.185272134942352e-08,7.476806729300733e-08
2.675414764196307,0.0,500.0,0.0,173,3460000,40,0.007257035933434963,1.2232428789138794,0.00023079999999999875,1.0122424532843244,27.55770549318593,-0.011459466561735875,56.577847957611084,33.69944453239441,90.27729487419128,9.536743617033494e-10,1.1520386067331856e-07
2.4977654041794533,0.0,500.0,0.0,174,3480000,40,0.00645822286605835,1.2225841283798218,0.00023039999999999877,0.9422549747357702,23.210275512136473,-0.00884586437293892,56.47207856178284,34.88022780418396,91.35230803489685,1.3971328982620435e-08,2.0980834847250662e-08
2.7376794093385914,0.0,500.0,0.0,175,3500000,40,0.005631334614008665,1.2219189405441284,0.00022999999999999876,0.8246582737109464,21.48142271072242,-0.007466938537337883,57.21248507499695,35.207911252975464,92.42039823532104,-1.7070769686711174e-08,3.929138259195497e-08
3.138013513894843,1439.25,500.0,0.0,176,3520000,3,0.020161645486950874,1.2253010272979736,0.00022959999999999878,0.9180827457180954,74058.29458793106,2.0386057950382273,54.276395320892334,2.42384934425354,56.70024538040161,5.4836273299940785e-09,-1.9531249506599124e-07
2.887826062392345,0.0,500.0,0.0,177,3540000,40,0.009129450656473637,1.2282837629318237,0.0002291999999999988,0.741732086022948,55.26210349137616,-0.018781290653793463,57.14495587348938,33.507782220840454,90.65273904800415,6.771087690538025e-09,1.2207030941624453e-08
2.886950541373543,0.0,500.0,0.0,178,3560000,40,0.007227169815450907,1.2309056520462036,0.0002287999999999988,0.6965776026059108,34.550994823540854,-0.016831090951792207,56.455742835998535,34.84412980079651,91.29987382888794,2.956390465769232e-09,2.7465819840699623e-08
2.5752605252451355,0.0,500.0,0.0,179,3580000,40,0.00620412640273571,1.2332016229629517,0.0002283999999999988,0.6112012667356024,22.726823162880674,-0.012344895991508606,57.86793375015259,35.158154010772705,93.02608847618103,1.034736651917001e-08,-1.2912749980387161e-07
2.7409723436045628,0.0,500.0,0.0,180,3600000,40,0.0074646431021392345,1.2352030277252197,0.00022799999999999882,0.5591905972475459,27.008011383008046,-0.01251811386511667,54.916592597961426,35.79769015312195,90.71428370475769,-7.2479249269008506e-09,-1.1444092340440193e-09
2.6740039722521707,0.0,500.0,0.0,181,3620000,40,0.006491328589618206,1.2369383573532104,0.0002275999999999988,0.5224329019902618,24.43298757091449,-0.011505494294925386,57.039177656173706,37.19258141517639,94.23176002502441,4.386901952813105e-09,-3.662109548940862e-08
2.7331736448962536,0.0,500.0,0.0,182,3640000,40,0.0063048298470675945,1.2384332418441772,0.00022719999999999883,0.45255071447723233,20.620973257198454,-0.011443379322833612,55.02268147468567,35.648391246795654,90.67107439041138,-6.294250454175199e-09,-4.6730040281772744e-08
3.017064008682918,1301.675,500.0,0.0,183,3660000,40,0.006825205869972706,1.243435025215149,0.00022679999999999882,0.424020387787538,56426.01593618363,-0.31268649226540973,55.604018688201904,34.14276933670044,89.74678945541382,-3.2424927187690855e-09,-2.9296876391526894e-07
2.829263219765707,0.0,500.0,0.0,184,3680000,40,0.006603526417165995,1.2478783130645752,0.00022639999999999884,0.3746454065250363,632.4447793887679,-0.06754944402439769,56.04907512664795,37.11173963546753,93.16081595420837,1.1444092340440193e-09,1.098632793627985e-07
2.6600940905212385,7.15,500.0,0.0,185,3700000,40,0.009598005563020706,1.2518377304077148,0.00022599999999999883,0.33175708278539073,320.0734030353036,-0.05497915671610386,58.61858129501343,34.1615104675293,92.7800931930542,7.724762163263676e-09,-1.831054774470431e-08
3.093303328324814,0.0,500.0,0.0,186,3720000,40,0.0081668421626091,1.2553393840789795,0.00022559999999999884,0.2775595791851449,253.57156474605486,-0.049293837634027955,57.656736850738525,32.91270351409912,90.5694420337677,-3.6239624634504253e-09,1.8005371771323553e-07
2.5225046947275325,0.0,500.0,0.0,187,3740000,40,0.009249440394341946,1.2584277391433716,0.00022519999999999886,0.24364134160576353,163.803469126999,-0.04073163242506421,56.17259192466736,34.05135679244995,90.22395086288452,7.2479249269008506e-09,-3.356933575560106e-08
2.679612311291211,0.0,500.0,0.0,188,3760000,40,0.010855602100491524,1.2611427307128906,0.00022479999999999888,0.19846512038901354,105.1822400609399,-0.03614750771240515,57.8151695728302,33.505067586898804,91.32023811340332,3.433227480087453e-09,-5.8746337572301854e-08
2.787407198493122,0.0,500.0,0.0,189,3780000,40,0.007864085026085377,1.2635204792022705,0.00022439999999999887,0.16966024514785996,102.01222756865677,-0.041771736286378876,56.87619709968567,33.78242802619934,90.65862679481506,-3.6239624634504253e-09,1.5106201090020477e-07
3.0377864696752823,0.0,500.0,0.0,190,3800000,40,0.009898808784782887,1.2655935287475586,0.00022399999999999886,0.15452498523340483,164.79034361414088,-0.02887306082133607,57.19027900695801,37.36871647834778,94.5589964389801,-1.3256072683986986e-08,-1.708984314063855e-07
3.5720868270379666,0.0,500.0,0.0,191,3820000,40,0.010487441904842854,1.267391324043274,0.00022359999999999885,0.14606133476611535,125.87832056853422,-0.06308101535074792,55.97705864906311,36.09541368484497,92.07247567176819,-1.3351439953623867e-09,9.307861148499796e-08
3.277998818958094,0.0,500.0,0.0,192,3840000,40,0.00865117646753788,1.2689404487609863,0.00022319999999999884,0.11888744055180793,151.67110069420687,-0.04110671608370675,56.07869219779968,36.15269327163696,92.23138642311096,-9.536743617033494e-10,-4.2724607851596375e-08
2.760027797047337,0.0,500.0,0.0,193,3860000,40,0.007885796949267387,1.2702648639678955,0.00022279999999999886,0.09699457973170622,172.05243089973547,-0.03759860009530405,57.17074418067932,36.181862115859985,93.3526074886322,-5.340575981449547e-09,1.8615722296999593e-07
3.343427247509395,0.0,500.0,0.0,194,3880000,40,0.0076432847417891026,1.2713863849639893,0.00022239999999999887,0.0755958907537542,248.6022063048782,-0.04138628845992884,57.37934684753418,34.4695258140564,91.84887433052063,8.77380390562621e-09,-1.1901855145879381e-07
2.8036947272592934,0.0,500.0,0.0,195,3900000,40,0.009070385247468948,1.2723244428634644,0.0002219999999999989,0.06661449592074106,191.075451174815,-0.05118290156891249,56.935707807540894,34.640520095825195,91.5762288570404,3.2424927187690855e-09,-1.678466787780053e-07
2.9569391947229655,0.0,500.0,0.0,196,3920000,40,0.007152340840548277,1.2730966806411743,0.0002215999999999989,0.04950781429815254,161.38493619238494,-0.03695234245988451,57.20753002166748,34.40797448158264,91.61550641059875,1.0299682884351569e-08,-1.4343261511839955e-07
3.4375427788769883,0.0,500.0,0.0,197,3940000,40,0.008447112515568733,1.273719072341919,0.0002211999999999989,0.038525615631940825,172.5527884410445,-0.03883788570239666,57.24870800971985,34.92156958580017,92.17027926445007,-5.912780931538464e-09,-1.831054774470431e-08
3.527936836882012,768.635,500.0,0.0,198,3960000,40,0.005465663969516754,1.2765017747879028,0.0002207999999999989,0.032884499841446806,18126.10836461547,-0.14595528154805967,56.255000829696655,34.4251172542572,90.6801187992096,4.291534239087014e-09,-6.347656267280399e-07
2.917815301982756,329.41499999999996,500.0,0.0,199,3980000,40,0.0109324399381876,1.2799245119094849,0.00022039999999999888,0.022848556017218406,699.8241649044547,-0.08922018090049458,59.355966567993164,35.6778130531311,95.03378057479858,-1.6403198799253005e-08,-4.2724607851596375e-08
2.8006332721153817,0.0,500.0,0.0,200,4000000,40,0.009393487125635147,1.2829383611679077,0.00021999999999999887,0.01990307694446343,616.4316357630832,-0.08390868173046097,56.17391800880432,32.843955755233765,89.01787447929382,-5.7220459481754915e-09,5.493163968139925e-08
6.656145625575938,0.0,500.0,0.0,201,4020000,40,0.006920721381902695,1.2855830192565918,0.00021959999999999886,0.011494490620161104,138.31429662825954,-0.027820449753124622,59.909836530685425,36.95070505142212,96.86054468154907,1.5640258865801115e-08,-5.310058668328566e-07
8.062303537378803,0.0,500.0,0.0,202,4040000,40,0.005514584947377443,1.2878942489624023,0.00021919999999999885,0.007062322903753727,46.336133826310466,-0.023110687601006336,60.31756234169006,33.266587257385254,93.58415198326111,-3.433227480087453e-09,-1.2023925819448777e-06
8.67618244527512,0.0,500.0,0.0,203,4060000,40,0.006167978513985872,1.2899043560028076,0.00021879999999999887,0.006442882479123985,60.509944475987915,-0.015667201115921806,61.11492562294006,34.57023310661316,95.6851601600647,-1.8119812317252126e-09,-1.1444091541079615e-07
8.499841873718468,0.0,500.0,0.0,204,4080000,40,0.006517448462545872,1.291642427444458,0.00021839999999999888,0.006542417064685802,34.15221269054777,-0.014132903840772475,59.76710319519043,33.88124656677246,93.6483507156372,0.0,1.1611938361966168e-06
8.114752656044297,0.0,500.0,0.0,205,4100000,36,0.028819823637604713,1.2931348085403442,0.00021799999999999888,0.006518556282118026,34.74548109828034,-0.014642398485416904,60.88059759140015,30.87364935874939,91.75424790382385,-3.2424927187690855e-09,1.3732909920349812e-08
8.214833069080871,0.0,500.0,0.0,206,4120000,40,0.0053190262988209724,1.294405221939087,0.0002175999999999989,0.006715896318497575,29.90954201236652,-0.01658883559143847,58.610445737838745,37.81355047225952,96.42399716377258,-1.7166137400437265e-09,1.2031555343128275e-06
7.761679997461256,0.0,500.0,0.0,207,4140000,40,0.0056084333918988705,1.2954751253128052,0.00021719999999999888,0.007722581006663668,36.2456806516951,-0.022661559529614392,57.764816761016846,35.244216442108154,93.00903415679932,-4.959106458812812e-09,9.490966590419703e-07
8.623003318183411,0.0,500.0,0.0,208,4160000,40,0.0055723716504871845,1.2963639497756958,0.00021679999999999887,0.0068103587145140025,23.476100372205114,-0.008917813267629996,56.819307804107666,34.37432384490967,91.19363260269165,-2.0313262183435654e-08,2.727508672251133e-07
8.288766991396445,0.0,500.0,0.0,209,4180000,40,0.007417757995426655,1.2970889806747437,0.0002163999999999989,0.0072475636891789355,27.53841576454746,-0.010981576473772478,58.97994947433472,34.04611396789551,93.02606463432312,-1.1730193705261627e-08,1.6937256077653728e-06
8.144386213618866,0.0,500.0,0.0,210,4200000,40,0.0058152335695922375,1.2976661920547485,0.00021599999999999888,0.007338108785100471,27.140749899141348,-0.014929373500346663,60.94824481010437,35.07528281211853,96.0235288143158,-4.1961669694501325e-09,2.5024414185281785e-07
9.08896857061535,0.0,500.0,0.0,211,4220000,40,0.0055724699050188065,1.2981096506118774,0.00021559999999999887,0.007440122323715763,48.293403996631596,-0.014628190405008377,58.946967363357544,32.70010018348694,91.6470685005188,-7.2479249269008506e-09,-1.9683838559103606e-07
7.8010747646136736,0.0,500.0,0.0,212,4240000,30,0.020877057686448097,1.2984322309494019,0.00021519999999999886,0.008110214583872325,66.96121812362833,-0.012905024827088203,58.0601122379303,25.0579993724823,83.11811256408691,-1.1634826435624745e-08,-1.2207031829802872e-07
7.730477967822077,0.0,500.0,0.0,213,4260000,40,0.00739278644323349,1.2986456155776978,0.00021479999999999888,0.00792174863652771,31.12056685891121,-0.009024277351096652,58.99480390548706,34.52799987792969,93.52280521392822,-1.4114379887075756e-08,-4.6844482426422474e-07
8.018185659176293,0.0,500.0,0.0,214,4280000,40,0.009410643950104713,1.298760175704956,0.00021439999999999887,0.007373598619337508,33.93494795538058,-0.010704357175906872,60.77085781097412,34.08869552612305,94.85955619812012,4.00543198608716e-09,7.781982702681489e-08
8.07001996483101,0.0,500.0,0.0,215,4300000,40,0.007359504699707031,1.2987854480743408,0.00021399999999999886,0.0079777181845538,23.808423666134,-0.007795612911684854,60.68736529350281,32.69886803627014,93.38623452186584,0.0,1.1596679883041361e-07
8.022829157014817,0.0,500.0,0.0,216,4320000,40,0.00631796894595027,1.2987298965454102,0.00021359999999999885,0.007347960321819944,35.72427756983763,-0.008102140759835673,63.00173044204712,33.078969955444336,96.08070206642151,-6.484985437538171e-09,-1.6250609746748523e-07
7.469039322913682,0.0,500.0,0.0,217,4340000,40,0.014180226251482964,1.2986011505126953,0.00021319999999999884,0.007898219679126363,86.20824214789518,-0.01573584228457444,61.84393262863159,34.068910121917725,95.91284370422363,-5.722046170220096e-10,2.624511807880481e-07
8.105220170377352,0.0,500.0,0.0,218,4360000,40,0.011346814222633839,1.2984062433242798,0.00021279999999999883,0.007931231743371363,28.801419898051364,-0.005149260002401936,59.02009606361389,34.61782932281494,93.63792848587036,2.2983551062338847e-08,2.212524350397871e-07
8.08953103272599,0.0,500.0,0.0,219,4380000,40,0.009585576131939888,1.2981513738632202,0.00021239999999999885,0.008352019870802049,26.8955722708611,-0.007208559516695725,59.7912175655365,33.08880877494812,92.88002753257751,4.76837147544984e-09,9.231567332790291e-08
8.250020177452278,0.0,500.0,0.0,220,4400000,40,0.008394536562263966,1.297842264175415,0.00021199999999999884,0.008607550369572654,116.52048819171395,-0.022700572866430374,62.41458058357239,33.32665014266968,95.74123167991638,1.3923645347801994e-08,2.166748060972168e-07
8.472079495585138,0.0,500.0,0.0,221,4420000,40,0.008598465472459793,1.297484040260315,0.00021159999999999883,0.00871067244231784,24.226360770547466,-0.0084291346925815,62.120463371276855,33.810245752334595,95.93071031570435,-3.814697446813398e-09,4.1198731537406275e-08
8.943101785970777,0.0,500.0,0.0,222,4440000,40,0.008613267913460732,1.2970812320709229,0.00021119999999999882,0.008525458703805236,25.55623040047421,-0.007155079444963782,59.9756555557251,33.150652170181274,93.12630844116211,6.38961772381208e-09,3.738403364650367e-08
8.984373181572634,0.0,500.0,0.0,223,4460000,40,0.00581736396998167,1.296638011932373,0.0002107999999999988,0.008587246071799379,18.930464080944184,-0.006807984191120549,59.557507276535034,35.36206316947937,94.91957259178162,-6.771087690538025e-09,4.768371808516747e-10
9.144914389848688,0.0,500.0,0.0,224,4480000,40,0.00928577035665512,1.2961581945419312,0.0002103999999999988,0.009408518864482546,38.15495084197658,-0.008325692864763699,59.35572624206543,32.64905762672424,92.00478506088257,3.051757735406113e-09,-2.1362303925798187e-08
7.876882310777319,0.0,500.0,0.0,225,4500000,40,0.00839050579816103,1.2956451177597046,0.00020999999999999882,0.009935605973316724,120.22307479336004,-0.01991239623033151,60.07779574394226,32.72447419166565,92.80227136611938,-1.1444092340440193e-09,4.882812376649781e-08
9.566677348002177,0.0,500.0,0.0,226,4520000,40,0.011305660009384155,1.2951018810272217,0.00020959999999999883,0.00885621088795708,203.4895151703221,-0.030515290868830435,61.16238975524902,32.93582248687744,94.09821343421936,5.149841442175784e-09,-1.5563965405362978e-07
9.426280562424775,0.0,500.0,0.0,227,4540000,40,0.006932034157216549,1.294531226158142,0.00020919999999999885,0.009910315355125838,135.52553003001364,-0.02415205813190977,58.16124892234802,34.179709911346436,92.3409595489502,-1.239776614703203e-09,1.2207030941624453e-08
9.655447008339712,0.0,500.0,0.0,228,4560000,40,0.013469702564179897,1.2939355373382568,0.00020879999999999887,0.010160286750149124,68.46873844778462,-0.02205833991430403,59.612065076828,32.323121547698975,91.93518781661987,1.9073485846288207e-10,-5.41687015243042e-08
8.828730613499273,0.0,500.0,0.0,229,4580000,40,0.008495320565998554,1.293317198753357,0.00020839999999999886,0.011487613456578819,43.394308473805715,-0.014680518411102877,57.15554690361023,32.85725808143616,90.0128071308136,6.484985437538171e-09,4.577636936176077e-09
9.346275738814787,0.0,500.0,0.0,230,4600000,40,0.010590262711048126,1.2926781177520752,0.00020799999999999885,0.010672022292544698,56.88924583568694,-0.017954217840970798,58.07304763793945,34.504817724227905,92.57786631584167,-1.4495849853801701e-08,0.0
9.381384885151068,0.0,500.0,0.0,231,4620000,40,0.012078983709216118,1.2920202016830444,0.00020759999999999884,0.01021463004820298,53.240971345658515,-0.013526166388453548,56.96085238456726,33.23638725280762,90.19724154472351,-2.70843507621521e-08,2.9754637864698452e-08
9.5559398919031,0.0,500.0,0.0,232,4640000,40,0.008624847047030926,1.2913451194763184,0.00020719999999999883,0.010812324758954227,23.84033032951841,-0.010810584060782507,59.59418606758118,32.51993274688721,92.11412000656128,3.433227480087453e-09,1.1291503909660605e-07
9.746679487932386,0.0,500.0,0.0,233,4660000,40,0.00795714557170868,1.2906544208526611,0.00020679999999999882,0.012342974935527773,23.708267529906742,-0.009470363587858808,60.40387177467346,34.22389030456543,94.62776470184326,2.1171569386524425e-08,3.051757957450718e-08
9.128815929831182,0.0,500.0,0.0,234,4680000,40,0.007297563832253218,1.2899492979049683,0.0002063999999999988,0.010363261065012805,30.37765198513201,-0.008749964987862097,58.033520460128784,34.63313341140747,92.66665554046631,2.00271599304358e-09,6.332397362029951e-08
9.068384972301601,0.0,500.0,0.0,235,4700000,40,0.006829806603491306,1.2892310619354248,0.0002059999999999988,0.010632388455908935,31.501166316658068,-0.008451074847482904,60.075573444366455,33.351691007614136,93.42726588249207,2.7656554824062596e-09,-1.2207030941624453e-08
9.319983859401777,0.0,500.0,0.0,236,4720000,40,0.01010219007730484,1.2885007858276367,0.00020559999999999882,0.010581133407866879,20.230826361923462,-0.012187165064754996,58.772539138793945,32.8684823513031,91.64102244377136,-1.239776614703203e-09,2.4223327343975143e-08
8.253701746111862,0.0,500.0,0.0,237,4740000,40,0.009367666207253933,1.2877594232559204,0.0002051999999999988,0.011613684998540456,46.82585333228871,-0.013484603102662997,56.861572265625,33.521764039993286,90.3833372592926,2.0980834847250662e-09,6.103515470812226e-09
8.910805160819994,0.0,500.0,0.0,238,4760000,40,0.009713524021208286,1.2870079278945923,0.0002047999999999988,0.009798263872760069,36.703450758441996,-0.011050348970697968,61.04082179069519,32.77075552940369,93.81157803535461,-1.754760781125242e-08,-2.2125243859250077e-08
9.601136641830314,0.0,500.0,0.0,239,4780000,40,0.008594186045229435,1.2862470149993896,0.0002043999999999988,0.008985671017668952,24.47952254835967,-0.0110657759192459,59.59294009208679,34.7631311416626,94.35607314109802,-3.1709670444968197e-09,8.201599399626502e-08
8.45399438270287,0.0,500.0,0.0,240,4800000,40,0.00928389560431242,1.2854775190353394,0.0002039999999999988,0.012175301079056967,18.48341822563463,-0.027251135721909486,57.74221086502075,32.86417317390442,90.60638499259949,4.577636936176077e-09,8.258819406137263e-08
9.37046527724134,0.0,500.0,0.0,241,4820000,40,0.0070334565825760365,1.2847000360488892,0.0002035999999999988,0.009798222341853532,24.212427542315925,-0.010106192281392586,57.314160108566284,33.56576991081238,90.87993144989014,-1.1777878228258487e-08,-2.7465819840699623e-08
9.273999042170383,1103.85,500.0,0.0,242,4840000,40,0.007144344504922628,1.287594199180603,0.0002031999999999988,0.013325210091373201,28888.3282548543,-0.24955914167651705,55.946829319000244,34.299721002578735,90.2465512752533,-1.5258788677030566e-09,8.178710686479462e-07
9.548488179986887,0.0,500.0,0.0,243,4860000,40,0.00823398120701313,1.2901215553283691,0.0002027999999999988,0.011126186119045492,56.4301400382048,-0.023914413285222213,58.59177899360657,33.84602999687195,92.43781185150146,7.629394893626795e-09,2.685546860448085e-07
8.903966099049844,0.0,500.0,0.0,244,4880000,40,0.007777405437082052,1.2923177480697632,0.0002023999999999988,0.011714178555983171,31.801956588295614,-0.015070826301920661,57.709858655929565,35.64468026161194,93.35454106330872,-4.00543198608716e-09,-1.678466787780053e-08
9.405747820470939,0.0,500.0,0.0,245,4900000,40,0.011318610049784184,1.2942150831222534,0.0002019999999999988,0.010865062499080732,33.584693391459766,-0.017745167290299513,58.37956357002258,35.692626953125,94.07219171524048,-5.340575981449547e-09,-3.509521562250484e-08
9.534667476832412,0.0,500.0,0.0,246,4920000,40,0.010238142684102058,1.2958425283432007,0.0002015999999999988,0.012638724034216113,21.782518683269526,-0.014588859631119378,60.78087663650513,37.52530479431152,98.30618357658386,1.0299682884351569e-08,8.659363004426268e-08
9.75058029982312,0.0,500.0,0.0,247,4940000,40,0.010324206203222275,1.2972263097763062,0.0002011999999999988,0.013554505364981236,39.98707841399369,-0.03846506885071967,59.20832657814026,39.410210847854614,98.61853909492493,4.76837147544984e-09,2.479553273815327e-08
9.486463404179128,0.0,500.0,0.0,248,4960000,40,0.007242944557219744,1.2983901500701904,0.00020079999999999878,0.010708939869573731,35.4696755719033,-0.013497537423657835,58.590760231018066,39.690739154815674,98.28150177001953,4.577636936176077e-09,9.155273872352154e-09
10.066346930721034,95.875,500.0,0.0,249,4980000,8,0.021008532494306564,1.2996798753738403,0.00020039999999999877,0.014511460538473051,5869.954768700205,-0.0038638936094702427,58.79724383354187,7.396276473999023,66.1935224533081,-1.125335735707722e-08,-8.239746307481255e-08
9.752718590469794,95.875,500.0,0.0,250,5000000,40,0.006434171460568905,1.3010836839675903,0.00019999999999999876,0.011137308179887284,45.239677614770876,-0.03125804103087859,58.80676555633545,37.38256049156189,96.18932795524597,-4.291534239087014e-09,-3.1127930810725957e-07
347.9165556113977,0.0,500.0,0.0,251,5020000,40,0.007481738459318876,1.3022650480270386,0.00019959999999999875,4.263192483668874,110.13820146512074,-0.09249789850181266,54.91167688369751,37.428890228271484,92.34056878089905,-1.9292831154871237e-07,-3.4408569149491086e-07
451.91105653019093,0.0,500.0,0.0,252,5040000,40,0.008023428730666637,1.3032454252243042,0.00019919999999999874,2.1979982429628917,63.48031633948065,-0.04589392412839469,55.506566762924194,39.28275156021118,94.78931951522827,-2.917289805282053e-07,4.1503906800244295e-07
435.3767013974222,0.0,500.0,0.0,253,5060000,40,0.011045352555811405,1.3040443658828735,0.00019879999999999873,3.29054204364586,71.8487222455869,-0.04040597595102421,52.888554096221924,35.203185081481934,88.09174036979675,-1.4238356982332334e-07,-2.7465819840699623e-08
378.9666919269197,0.0,500.0,0.0,254,5080000,40,0.006440406199544668,1.3046793937683105,0.00019839999999999872,6.026535859267423,64.90302318008082,-0.04443447744521271,56.086490631103516,35.45351791381836,91.54001021385193,-1.840591501434119e-08,-1.754760781125242e-08
409.26409705778946,482.625,500.0,0.0,255,5100000,40,0.0093389255926013,1.3068212270736694,0.00019799999999999871,6.814486051384051,8766.215823044138,-0.3168403767523872,55.37379813194275,36.99309277534485,92.36689257621765,3.1471252270875993e-08,5.310058668328566e-07
395.6304493458965,0.0,500.0,0.0,256,5120000,40,0.007814758457243443,1.3086671829223633,0.0001975999999999987,7.813908583523741,59.89815387179138,-0.03052278387680602,60.096049070358276,38.39369225502014,98.48974251747131,2.44951252170722e-07,-1.525878978725359e-08
386.9558835024114,0.0,500.0,0.0,257,5140000,40,0.008912580087780952,1.3102461099624634,0.00019719999999999872,9.540080501613723,41.86661307310602,-0.032151356132428165,55.67860388755798,35.33948564529419,91.01809096336365,3.0899048653054706e-08,4.425048771850015e-08
368.8525169670491,0.0,500.0,0.0,258,5160000,40,0.01034628413617611,1.3115839958190918,0.00019679999999999874,8.783439385834013,24.56109767294234,-0.03694592631810529,54.778915882110596,35.904428482055664,90.68334531784058,-5.121231083649036e-08,6.217956638465694e-08
367.0455167094933,0.0,500.0,0.0,259,5180000,40,0.0080184955149889,1.3127042055130005,0.00019639999999999873,7.460655923795168,32.5165518757644,-0.023152168700879345,56.480281352996826,38.635401487350464,95.11568403244019,2.6226043559063328e-09,2.2048949688269204e-07
375.4379834316255,0.0,500.0,0.0,260,5200000,40,0.0070989965461194515,1.3136279582977295,0.00019599999999999872,5.767005668181902,29.602774434788213,-0.024197632666961972,54.24763107299805,36.25523066520691,90.50286269187927,-2.1076202116887544e-08,-8.964538444899972e-09
402.7987771215377,0.0,500.0,0.0,261,5220000,40,0.007960177026689053,1.314374327659607,0.0001955999999999987,9.441164584467366,28.66551528554054,-0.026476439609856694,56.025174617767334,38.31445813179016,94.33963561058044,-6.294250454175199e-09,3.738403364650367e-08
355.4056432391079,0.0,500.0,0.0,262,5240000,40,0.00857551209628582,1.3149604797363281,0.00019519999999999873,7.369767399227164,37.88906629708163,-0.022705006647771996,56.95226764678955,38.09683656692505,95.04910564422607,6.675720420901143e-09,-3.814697180359872e-08
409.1608548363605,0.0,500.0,0.0,263,5260000,40,0.011135442182421684,1.3154019117355347,0.00019479999999999874,6.324484013618937,21.996629281560327,-0.017070018488448115,58.53101682662964,40.26051378250122,98.79153156280518,-2.6845931699881476e-08,4.0435789827597546e-08
357.0200364112009,0.0,500.0,0.0,264,5280000,40,0.006867196876555681,1.315712571144104,0.00019439999999999876,11.790458048016403,21.450757826361688,-0.016135535498630185,55.85302186012268,37.627731800079346,93.48075485229492,3.528594971768939e-09,-2.9754637864698452e-08
331.8850565779071,0.0,500.0,0.0,265,5300000,40,0.01065780222415924,1.315905213356018,0.00019399999999999875,14.559881488893442,48.819347945292286,-0.02961203037638063,57.821340799331665,37.77825427055359,95.59959650039673,-8.869171175263091e-09,-1.4801025827182457e-07
401.90989961107465,0.0,500.0,0.0,266,5320000,40,0.010408042930066586,1.3159911632537842,0.00019359999999999877,6.519621423722072,26.31189876665735,-0.020103702656287036,56.00797629356384,37.29013442993164,93.29811239242554,-8.583068700218632e-10,-4.0435789827597546e-08
391.35813124751985,0.0,500.0,0.0,267,5340000,40,0.008215084671974182,1.3159806728363037,0.00019319999999999876,47.43361941576004,18.076597449733953,-0.013824393159775123,54.83342099189758,36.81115531921387,91.6445791721344,-1.2969970875076342e-08,-4.577636758540393e-08
412.75708759528,0.0,500.0,0.0,268,5360000,40,0.006908510811626911,1.3158830404281616,0.00019279999999999875,6.353655377628317,19.3100752121324,-0.007845133741810372,55.683722496032715,36.46526050567627,92.1489839553833,4.673004205812958e-09,-4.0435789827597546e-08
432.4166078499276,0.0,500.0,0.0,269,5380000,40,0.011873952113091946,1.3157066106796265,0.00019239999999999877,3.431524026080681,34.30332656817831,-0.014167752659695733,53.386394023895264,34.07355356216431,87.45994877815247,-8.153915764808062e-09,-1.678466787780053e-08
469.157916552858,0.0,500.0,0.0,270,5400000,40,0.011126967146992683,1.31545889377594,0.00019199999999999879,3.4862058191257677,19.22590142723861,-0.0108057918740736,51.61461544036865,36.62960982322693,88.24422717094421,1.0728836485895954e-08,-1.7738342350526182e-08
456.9213640578387,0.0,500.0,0.0,271,5420000,40,0.007948807440698147,1.3151466846466064,0.0001915999999999988,1.219041762866412,23.52432895769739,-0.013440053047468458,53.1141939163208,36.451101303100586,89.56529760360718,-1.754760781125242e-08,4.425048771850015e-08
447.5993143813175,0.0,500.0,0.0,272,5440000,40,0.008740445598959923,1.3147761821746826,0.00019119999999999882,2.248711672225955,21.43419407279628,-0.013708253546208618,53.90950536727905,34.371864318847656,88.2813720703125,-1.0585784693262212e-08,8.77380390562621e-09
443.62083943860944,0.0,500.0,0.0,273,5460000,40,0.01119712833315134,1.3143529891967773,0.00019079999999999884,6.121635459154654,25.466170618792248,-0.018776380645917953,55.22037076950073,38.357994079589844,93.57836604118347,6.866454960174906e-09,-2.5939941750152684e-08
431.35943057592357,0.0,500.0,0.0,274,5480000,40,0.012082449160516262,1.3138819932937622,0.00019039999999999883,2.2492562217127747,19.72177803971965,-0.021045081419825768,57.39886689186096,41.33949136734009,98.738361120224,-2.861023085110048e-10,1.1825561863076928e-08
444.5702308817408,0.0,500.0,0.0,275,5500000,40,0.009678167290985584,1.3133677244186401,0.00018999999999999884,2.8098127125649697,27.64818066244672,-0.01699234894335946,56.96936535835266,40.07035565376282,97.03972220420837,-4.76837147544984e-09,9.613037121880552e-08
465.59151947119335,0.0,500.0,0.0,276,5520000,40,0.009355041198432446,1.3128142356872559,0.00018959999999999886,4.182129390091653,15.419239693082822,-0.008885348858652862,54.998976945877075,36.27182984352112,91.27080798149109,3.6430357397421176e-08,4.1961669694501325e-09
461.91762109707076,0.0,500.0,0.0,277,5540000,40,0.00771561823785305,1.3122252225875854,0.00018919999999999888,2.2123691323551404,23.79081598512686,-0.013293659298200231,55.501845836639404,38.38817310333252,93.89002013206482,-1.7166137400437265e-09,-7.2479249269008506e-09
454.7505259025864,0.0,500.0,0.0,278,5560000,40,0.0078007811680436134,1.3116039037704468,0.00018879999999999887,2.2063226936918916,23.619085887890712,-0.013219772087510935,54.97860383987427,41.97702717781067,96.95563244819641,1.5258788677030566e-09,2.2125243859250077e-08
455.623835115339,0.0,500.0,0.0,279,5580000,40,0.007735269144177437,1.3109533786773682,0.00018839999999999886,1.2166605534826873,15.064759963029509,-0.01198036488713578,54.109898805618286,36.71287393569946,90.8227744102478,4.768371808516747e-10,-1.907348590179936e-08
467.8055884121195,0.0,500.0,0.0,280,5600000,40,0.007358393166214228,1.3102762699127197,0.00018799999999999885,1.082418893790169,12.967155050623948,-0.006152086533831468,53.71384572982788,40.71847176551819,94.43231868743896,-6.675719976811934e-10,-7.1525572131747595e-09
448.7103255503698,0.0,500.0,0.0,281,5620000,40,0.007991528138518333,1.309575080871582,0.00018759999999999887,1.7819861374842894,13.057836547019376,-0.0074512143437691315,53.22095441818237,40.63862061500549,93.85957598686218,-2.1934509764065524e-09,-2.8991699707603402e-08
465.65955114854296,0.0,500.0,0.0,282,5640000,40,0.008871186524629593,1.3088518381118774,0.00018719999999999886,1.030645218833237,14.235026659631425,-0.007459321295824732,55.04188585281372,39.90825366973877,94.95014214515686,-3.8146971692576415e-10,-2.2125243859250077e-08
449.85686868059537,0.0,500.0,0.0,283,5660000,40,0.008815796114504337,1.3081086874008179,0.00018679999999999888,2.0605373259088036,21.34382155078232,-0.009639922897650262,53.691911458969116,37.25343179702759,90.94534540176392,-3.051757735406113e-09,-5.340575981449547e-09
463.97726130883564,0.0,500.0,0.0,284,5680000,40,0.007599379867315292,1.307347297668457,0.00018639999999999887,1.2775578673383232,15.341332908193017,-0.005959808039975762,56.545344829559326,36.842195987701416,93.38754367828369,7.629394338515283e-10,-2.3651123726153855e-08
463.7712066572878,0.0,500.0,0.0,285,5700000,40,0.009566995315253735,1.3065693378448486,0.00018599999999999886,1.196511400353377,14.663521685721769,-0.007138829648748313,54.08144521713257,41.26862931251526,95.35007572174072,-1.5258788677030566e-09,3.767013723177115e-08
455.4520658800102,0.0,500.0,0.0,286,5720000,40,0.013478756882250309,1.3057762384414673,0.00018559999999999885,2.420071791311738,17.154954188948224,-0.01650612740732943,56.265624046325684,35.427897453308105,91.69352388381958,-4.1961669694501325e-09,-3.414153937342235e-08
447.5587957119418,0.0,500.0,0.0,287,5740000,40,0.009760810062289238,1.304969310760498,0.00018519999999999884,1.111304818824598,18.132606731402646,-0.009831698986651245,55.383753299713135,36.54819321632385,91.93194818496704,7.1525572131747595e-09,-1.4877318932349226e-08
456.27356099911924,0.0,500.0,0.0,288,5760000,40,0.008034959435462952,1.3041497468948364,0.00018479999999999883,1.460737947588134,23.8862053722333,-0.009338009827414373,55.69667673110962,37.03619194030762,92.73287057876587,-4.1961669694501325e-09,2.8228759774151513e-08
460.5542157590871,0.0,500.0,0.0,289,5780000,40,0.010903815738856792,1.3033186197280884,0.00018439999999999884,1.467495341010534,21.674926626302636,-0.007785713307004849,54.93500471115112,36.68764019012451,91.62264633178711,1.7166137400437265e-09,-1.2207030941624453e-08
477.0989826769185,0.0,500.0,0.0,290,5800000,40,0.00909766647964716,1.3024767637252808,0.00018399999999999886,1.1843508233879783,23.662211705924598,-0.01623141288936767,54.829333782196045,35.851866722106934,90.68120193481445,-2.1934509764065524e-09,-1.2969970875076342e-08
456.961866629159,0.0,500.0,0.0,291,5820000,40,0.00710282614454627,1.3016252517700195,0.00018359999999999888,0.8891299370177992,18.35071617600265,-0.01009453130080691,56.517240047454834,37.19445729255676,93.71169996261597,-5.722046170220096e-10,-3.204345588869728e-08
470.3247176923878,0.0,500.0,0.0,292,5840000,40,0.009241839870810509,1.3007646799087524,0.00018319999999999887,1.0788356103240304,23.399150265250235,-0.009337081909061047,55.513288259506226,36.460033655166626,91.97332406044006,1.907348723406699e-09,-6.103515470812226e-09
459.8239018878729,0.0,500.0,0.0,293,5860000,40,0.008673724718391895,1.2998958826065063,0.0001827999999999989,0.9759148168051319,16.152630013265426,-0.008874875804480568,52.787129402160645,34.98770761489868,87.7748384475708,6.580352707175052e-09,-1.831054774470431e-08
460.8153400425925,0.0,500.0,0.0,294,5880000,40,0.010080784559249878,1.299019455909729,0.0001823999999999989,0.9221788501853396,15.296518488902196,-0.0203166910617725,53.06771898269653,35.40992879867554,88.4776496887207,-9.393692046444357e-09,5.531310964812519e-09
462.1241647601804,0.0,500.0,0.0,295,5900000,40,0.011209760792553425,1.2981358766555786,0.00018199999999999892,1.1692961542090032,15.805517391490328,-0.01284870675684896,55.437729358673096,37.451300859451294,92.88903403282166,5.817413217812373e-09,-4.1961669694501325e-08
450.8831406790255,0.0,500.0,0.0,296,5920000,40,0.008916309103369713,1.297245740890503,0.0001815999999999989,1.328685537037576,17.724725687276027,-0.024151656128448332,56.52976942062378,37.64431619644165,94.1740882396698,1.6117095213985522e-08,1.2187958020604128e-07
454.9590705432056,0.0,500.0,0.0,297,5940000,40,0.008127843029797077,1.2963495254516602,0.0001811999999999989,0.8451212058970883,17.545041839939774,-0.013970185608075112,58.64129018783569,34.20741939544678,92.84871172904968,-1.3160705414350105e-08,-2.9754637864698452e-08
435.19802269710124,0.0,500.0,0.0,298,5960000,40,0.01050103735178709,1.2954477071762085,0.0001807999999999989,1.4502406960744767,23.49233137513422,-0.018301691756521465,54.7406964302063,35.122798681259155,89.86349606513977,1.506805347162299e-08,4.577636936176077e-09
461.8623631440558,0.0,500.0,0.0,299,5980000,40,0.010245914570987225,1.294540524482727,0.0001803999999999989,1.04387087081648,12.30984824994567,-0.014855910256241039,56.900163888931274,33.534862995147705,90.43502807617188,8.392333938900265e-09,-2.250671471415444e-08
424.02527146931135,0.0,500.0,0.0,300,6000000,40,0.009757166728377342,1.293628454208374,0.00017999999999999893,2.582006037292207,15.444026166466392,-0.019120527556830434,54.135140895843506,34.30184197425842,88.43698477745056,-1.0728836485895954e-08,-4.539489850685641e-08
104.39932944271762,6753.097500000001,500.0,0.0,301,6020000,40,0.008398033678531647,1.3158667087554932,0.00017959999999999892,17.010480727245852,368276.48071506765,-2.0452173338384387,58.9738404750824,34.030017375946045,93.00385999679565,2.9373168786150927e-08,-1.1791992619691882e-05
8.24410688709319,11612.111249999998,500.0,0.0,302,6040000,40,0.008267593570053577,1.3641082048416138,0.00017919999999999893,8.008483124652486,561888.0683394705,-2.473707500308942,60.818339109420776,34.13541293144226,94.95375466346741,-6.408691177739456e-08,-1.8750000890577212e-05
9.843378362692581,7550.81,500.0,0.0,303,6060000,40,0.010169785469770432,1.4242032766342163,0.00017879999999999893,6.641048342634917,397569.67787619424,-3.0260249363388985,67.96463823318481,34.07095718383789,102.0355978012085,2.8324127043788394e-08,1.220703097715159e-06
7.128222192449462,9766.9675,500.0,0.0,304,6080000,40,0.009596527554094791,1.4962892532348633,0.00017839999999999892,4.982681309455519,508475.5671091262,-2.68654457180743,62.859808683395386,34.302958965301514,97.16276907920837,1.602172794434864e-08,3.442382876528427e-06
8.28916167758717,6246.45125,500.0,0.0,305,6100000,40,0.007082438096404076,1.5732265710830688,0.0001779999999999989,7.235087591675437,372782.6632899582,-2.189553895478795,65.0146713256836,33.90737700462341,98.92204928398132,3.051757957450718e-08,-1.0839843525900505e-05
7.983828366288788,6658.3225,500.0,0.0,306,6120000,40,0.010569959878921509,1.6546690464019775,0.00017759999999999892,1.4698193324314561,390982.88124875596,-3.132258250075541,62.050164222717285,35.65158033370972,97.70174551010132,-1.1491775531169424e-08,3.0761718790017767e-06
9.91837404349277,8056.77125,500.0,0.0,307,6140000,40,0.00904841534793377,1.7413808107376099,0.00017719999999999894,2.8523255975003456,351008.1774992536,-2.867175629165522,65.2475483417511,36.87644863128662,102.1239984035492,1.8119812317252126e-09,1.1694335626089014e-05
9.120753720565109,6913.91125,500.0,0.0,308,6160000,40,0.009561055339872837,1.8309670686721802,0.00017679999999999896,2.542931690299587,228923.40163213646,-2.5478168207653766,57.76048517227173,34.17383599281311,91.93432235717773,-1.5354157056890472e-08,-4.345703018771019e-06
7.392617700859722,9065.445000000002,500.0,0.0,309,6180000,40,0.010990168899297714,1.925000548362732,0.00017639999999999895,1.3214428797459146,514643.93424810906,-4.109908338773782,60.06174898147583,36.865808725357056,96.92755889892578,-1.7738342350526182e-08,-2.0605468307621777e-05
7.53063290139049,7453.615,500.0,0.0,310,6200000,40,0.007564886473119259,2.020927906036377,0.00017599999999999894,0.9051626491034107,364642.232880008,-2.531708283693927,57.844014406204224,34.939746618270874,92.783762216568,-1.5258788677030566e-09,-2.476806730555836e-05
16.02630319293509,4529.786249999999,500.0,0.0,311,6220000,40,0.006007924675941467,2.1147663593292236,0.00017559999999999893,1.1889874778925233,193380.37784219245,-2.037912649514189,61.837204933166504,34.77772903442383,96.6149353981018,-1.4495849853801701e-08,-1.074218744179234e-06
11.044951464856691,5903.92375,500.0,0.0,312,6240000,40,0.007329667452722788,2.208467960357666,0.00017519999999999892,0.8159255676778259,234124.62545796778,-2.5893556182551536,58.48157501220703,36.095858335494995,94.57743573188782,-6.008148201175345e-09,3.7109375625732355e-06
8.699793761080048,4326.9125,500.0,0.0,313,6260000,40,0.008970262482762337,2.2998812198638916,0.00017479999999999894,0.8359329649407393,160130.58376592162,-1.976727685009598,56.74796652793884,34.521751403808594,91.26971960067749,2.479553229406406e-09,-9.277343906433089e-07
8.209932082878979,5616.69,500.0,0.0,314,6280000,40,0.00779733108356595,2.3909072875976562,0.00017439999999999893,0.5116543737329116,262841.601295617,-2.3785382378063384,57.410834312438965,35.112810373306274,92.52364587783813,-9.58442658571812e-09,8.886719115253072e-06
6.962263273782105,2575.31625,500.0,0.0,315,6300000,40,0.0048474096693098545,2.4772369861602783,0.00017399999999999892,0.46094582282528757,72866.30097648596,-0.9261357140294306,57.48856449127197,34.015787839889526,91.50435423851013,-2.574920721087892e-09,-1.2207031829802872e-07
6.5616976620856615,7657.089999999999,500.0,0.0,316,6320000,40,0.009863713756203651,2.5660314559936523,0.0001735999999999989,0.47513402634460455,376886.1841535629,-4.6258017702087475,57.733317375183105,34.95302987098694,92.68634843826294,8.344650304081824e-09,-6.83593725625542e-07
12.9470699122656,4998.33,500.0,0.0,317,6340000,40,0.006576865445822477,2.653656482696533,0.0001731999999999989,0.5452117824630373,206652.30959845864,-2.368368438968233,56.84943962097168,33.814992904663086,90.66443467140198,-2.312660285497259e-09,-3.0273438369476935e-06
8.032136268887687,7153.69375,500.0,0.0,318,6360000,40,0.006696714088320732,2.742755651473999,0.00017279999999999891,0.43206498114641306,317850.0865483181,-3.3483369843595345,57.083603620529175,34.08921146392822,91.17281723022461,3.8146971692576415e-10,-8.398437785217538e-06
10.778551497562734,9698.557499999999,500.0,0.0,319,6380000,40,0.006588655058294535,2.8354575634002686,0.00017239999999999893,0.3703705522047866,362861.0225343352,-3.564776916222967,56.876251220703125,34.48746204376221,91.3637158870697,-1.2111663671987571e-08,-1.9531249506599124e-07
9.076157087076671,4489.35625,500.0,0.0,320,6400000,40,0.007421762216836214,2.92549467086792,0.00017199999999999895,0.3202405244657758,184221.40622356438,-2.4273346477443245,54.71098041534424,34.25084400177002,88.96182608604431,-1.2469291377215086e-08,-8.679198799654841e-06
12.843816675040035,5006.33875,500.0,0.0,321,6420000,40,0.007969829253852367,3.013760805130005,0.00017159999999999894,0.33863548008357264,216155.48424251095,-2.360592241044257,57.17857646942139,36.88702392578125,94.06560111045837,8.964538444899972e-09,5.493163968139925e-08
11.710655372991065,1606.575,500.0,0.0,322,6440000,40,0.006762590724974871,3.095775842666626,0.00017119999999999893,0.34103778727637357,9402.013538202662,-0.5218729164214081,56.56998562812805,35.52048420906067,92.09047079086304,9.918212917625624e-09,-1.367187451251084e-06
12.536680847733047,2118.205,500.0,0.0,323,6460000,40,0.005451604258269072,3.1729166507720947,0.00017079999999999892,0.49232672048127574,91590.56255933798,-1.21287116311538,55.438623905181885,37.079105615615845,92.5177309513092,4.768371461572052e-11,2.685546860448085e-07
10.439814827857269,2546.43375,500.0,0.0,324,6480000,40,0.005512210540473461,3.2462923526763916,0.0001703999999999989,0.3455274515186146,149616.33847392866,-1.1692473125495728,55.78633952140808,38.93975758552551,94.72609806060791,2.956390465769232e-09,-2.4414063659605745e-07
7.697073110708942,1642.0662499999999,500.0,0.0,325,6500000,40,0.005766956601291895,3.314948081970215,0.0001699999999999989,0.3499974765737725,106405.91852752783,-1.244348677233526,57.750978231430054,37.02931809425354,94.78029799461365,-1.2159347972939827e-09,3.84521490559564e-06
11.99994365254365,1287.1025,500.0,0.0,326,6520000,40,0.006275408901274204,3.378816604614258,0.00016959999999999892,0.8959253702383891,124271.0795286215,-1.6365904690543558,57.1609148979187,35.19831037521362,92.3592267036438,1.9550323582251394e-09,-2.441406195430318e-06
7.195597347684081,1968.095,500.0,0.0,327,6540000,40,0.006129830610007048,3.4394044876098633,0.0001691999999999989,0.3804754625317777,2315.569575295175,-0.3703253853306839,56.26913571357727,36.614482164382935,92.88361930847168,2.8610229740877458e-09,2.746581913015689e-07
7.360417072821283,510.57250000000005,500.0,0.0,328,6560000,40,0.008822775445878506,3.4947996139526367,0.0001687999999999989,0.2516708497930864,48213.92301278327,-1.1957425249609979,57.66643667221069,33.667547941207886,91.3339855670929,1.3828277412031298e-09,1.3427734302240424e-06
7.9605931217229315,497.00249999999994,500.0,0.0,329,6580000,40,0.005656030029058456,3.5454931259155273,0.00016839999999999892,0.23652274783487154,1200.1827650471098,-0.2870124859622662,58.95782804489136,33.780024766922,92.73785400390625,-4.291534350109316e-10,3.784179796184617e-07
8.553786728050765,0.0,500.0,0.0,330,6600000,40,0.010001522488892078,3.591158628463745,0.0001679999999999989,0.31027278127801267,934.6862044899327,-0.408112025701079,56.72193908691406,36.286137104034424,93.00807738304138,1.907348723406699e-09,1.098632793627985e-07
7.0273201014806,0.0,500.0,0.0,331,6620000,40,0.01070318091660738,3.6322906017303467,0.00016759999999999892,0.19791504678073202,443.6465239336536,-0.20429673849302493,57.91574478149414,37.031494140625,94.94723987579346,1.287460360543946e-09,2.4414061883248905e-08
10.242786133657885,237.52250000000004,500.0,0.0,332,6640000,40,0.006742756813764572,3.669715166091919,0.00016719999999999891,0.4590229513681239,12285.90884306112,-1.3032262150981244,57.381237745285034,37.18601322174072,94.56725406646729,-2.145767119543507e-09,6.286621214712795e-07
8.17681290371273,118.70249999999999,500.0,0.0,333,6660000,40,0.0067168548703193665,3.7036073207855225,0.00016679999999999893,0.2117940709255873,438.88236693971476,-0.04644051791779744,58.35572004318237,36.49661302566528,94.85233426094055,-9.536742923144104e-11,1.8920898980923084e-07
6.81667004481034,0.0,500.0,0.0,334,6680000,40,0.010323243215680122,3.734123945236206,0.00016639999999999895,0.2528560018748235,666.8646241534287,-0.0175284225185206,57.420857667922974,35.54006767272949,92.9609272480011,0.0,1.4038086249001935e-07
6.312833531802177,1019.585,500.0,0.0,335,6700000,40,0.008711224421858788,3.7632296085357666,0.00016599999999999897,0.1877442720802916,55306.55731622004,-0.9897780831357476,56.63931059837341,37.91336989402771,94.55268216133118,-1.3446808111439168e-08,-1.3793945754514425e-06
16.222480687781854,625.365,500.0,0.0,336,6720000,40,0.00816437415778637,3.790436267852783,0.00016559999999999898,0.996969083053576,1480.5821458682892,-0.5786343874700463,57.987964391708374,37.83455514907837,95.82252073287964,-1.7285346487483366e-08,1.8310547034161573e-07
7.498754391813629,0.0,500.0,0.0,337,6740000,40,0.00565706193447113,3.814924716949463,0.00016519999999999897,0.13454701170254096,399.0019031962012,-0.07755736998656089,56.18765878677368,38.47230505943298,94.65996479988098,-3.9577483512687195e-09,6.805419729971618e-07
8.619307035059133,0.0,500.0,0.0,338,6760000,40,0.005347229540348053,3.8369622230529785,0.00016479999999999896,0.17733474399325005,750.16374623001,-0.25058978981795205,58.060446977615356,35.03893256187439,93.09938168525696,2.2172927938157727e-09,1.708984314063855e-07
10.478547152267797,1072.9,500.0,0.0,339,6780000,40,0.006764459423720837,3.8585216999053955,0.00016439999999999895,0.23056917923745834,38044.0451566684,-0.6261253670712186,59.08210802078247,39.591313123703,98.67342233657837,-3.337859988405967e-10,7.324218813664629e-07
6.939381295859031,0.0,500.0,0.0,340,6800000,40,0.011658898554742336,3.8779184818267822,0.00016399999999999894,0.8402959799227916,1701.6291519286526,-0.4346906604304625,57.80609130859375,35.96314311027527,93.76923561096191,-9.536743617033494e-10,5.493163968139925e-08
8.73720840115241,0.0,500.0,0.0,341,6820000,40,0.008810089901089668,3.895364999771118,0.00016359999999999894,0.13327606280043627,359.95301393642546,-0.06599728104711813,56.75021576881409,35.3707320690155,92.12094950675964,-1.771450008902775e-08,-1.1596679883041361e-07
5.853383731030236,0.0,500.0,0.0,342,6840000,40,0.006234148982912302,3.911053419113159,0.00016319999999999895,0.12455876057101473,426.08519178256864,-0.036902168094755924,56.583653688430786,39.90877294540405,96.49242997169495,1.8882751362525596e-08,-9.460449490461542e-08
6.058204229146092,0.0,500.0,0.0,343,6860000,40,0.006401797290891409,3.925156354904175,0.00016279999999999897,0.07854063559655741,394.78155065645836,-0.020949116284561576,56.965078353881836,35.98941898345947,92.9544997215271,1.5735626135437997e-08,-3.051757957450718e-08
5.851253072734158,0.0,500.0,0.0,344,6880000,40,0.009247894398868084,3.9378299713134766,0.000162399999999999,0.07220020868940054,392.27326402846415,-0.056428760303196254,55.80590295791626,35.12226223945618,90.92816662788391,-3.0994415922691587e-09,-2.9296876391526894e-07
6.305878743950522,0.0,500.0,0.0,345,6900000,40,0.006444448139518499,3.9492149353027344,0.00016199999999999898,0.06694093130493335,404.55885357218943,-0.04164383872263845,56.244887590408325,34.97199463844299,91.21688342094421,8.869171175263091e-09,9.765624753299562e-08
5.556003674543398,1.325,500.0,0.0,346,6920000,40,0.007302466779947281,3.959439992904663,0.000161599999999999,0.04913595647070628,377.6184100302921,-0.0617538169560254,56.97814655303955,39.083812952041626,96.06196165084839,6.508827254947391e-09,-4.577636936176077e-09
5.929776210419318,0.0,500.0,0.0,347,6940000,40,0.007667095400393009,3.9686172008514404,0.00016119999999999899,0.037035835317519916,300.6839223485084,-0.07339376247648126,57.50352096557617,35.33059525489807,92.83411717414856,5.149841442175784e-09,3.051757957450718e-08
6.115620006472836,1136.925,500.0,0.0,348,6960000,40,0.004891953431069851,3.978717803955078,0.00016079999999999898,0.04731227436405458,49681.87990507867,-0.38494932957135947,55.309086084365845,37.2060444355011,92.515132188797,-1.0967254882032762e-09,1.6113281162688509e-06
6.3966407866997885,0.0,500.0,0.0,349,6980000,40,0.007230181246995926,3.9877824783325195,0.00016039999999999897,0.02539748036996669,308.4604444515933,-0.05196521649742202,59.199363231658936,39.25913119316101,98.45849537849426,-3.2424927187690855e-09,1.2512207092640892e-07
7.22675321193609,137.32,500.0,0.0,350,7000000,40,0.008243280462920666,3.9961400032043457,0.00015999999999999898,0.033391465737253045,4259.730050773378,-0.47009070120324753,58.55125379562378,37.33914589881897,95.89040327072144,-2.4318695945879654e-09,-2.4414063659605745e-07
399.52029411827425,0.805,500.0,0.0,351,7020000,40,0.007303804624825716,4.003634452819824,0.000159599999999999,15.205801520254582,47563.664212094445,-1.7781082243391662,54.34867262840271,41.607539892196655,95.95621371269226,4.215240423377509e-08,1.9531249506599124e-07
431.90725970697565,0.0,500.0,0.0,352,7040000,40,0.007256307173520327,4.010349273681641,0.00015919999999999902,7.787473100585163,40668.75737098645,-1.1257579572071694,56.06293702125549,44.264100313186646,100.32704019546509,-4.167556610923384e-08,7.81249980263965e-07
476.69017351698346,0.0,500.0,0.0,353,7060000,40,0.008491617627441883,4.016361236572266,0.00015879999999999904,8.214112451425784,31917.55930747257,-1.083255257941545,53.43590784072876,37.457184076309204,90.89309287071228,-1.714229540539236e-07,3.906249901319825e-07
427.29214628574056,0.0,500.0,0.0,354,7080000,40,0.009265379048883915,4.021739482879639,0.00015839999999999905,8.455114809627746,28781.60317209815,-0.8276979618486325,53.5403938293457,42.48864769935608,96.02904224395752,1.5878677928071738e-08,3.906249901319825e-07
437.8075746660741,0.0,500.0,0.0,355,7100000,40,0.0076280259527266026,4.026546478271484,0.00015799999999999907,9.197575611654361,32141.48477367231,-0.8599419524810117,55.72502660751343,37.14689826965332,92.87192678451538,-2.1171569386524425e-08,-9.765625463842298e-07
442.01044021822935,0.0,500.0,0.0,356,7120000,40,0.007646327372640371,4.030838489532471,0.00015759999999999906,12.952372749216238,24451.449181681834,-0.8208390837309847,54.21278381347656,42.254273414611816,96.46705937385559,-1.3446808111439168e-08,3.906249901319825e-07
489.6984083737672,0.0,500.0,0.0,357,7140000,40,0.008204738609492779,4.034665584564209,0.00015719999999999908,12.706439773899735,24544.46152998809,-0.8752961259026816,55.18388319015503,38.19997572898865,93.38386011123657,8.330345480089818e-08,-7.324218813664629e-07
484.33709444790577,0.0,500.0,0.0,358,7160000,40,0.009946086443960667,4.038074016571045,0.0001567999999999991,13.025867184673904,23518.670590851412,-0.756999574127091,54.6685266494751,38.01967144012451,92.68820095062256,1.9073485846288207e-10,4.882812376649781e-08
465.9073205402966,0.0,500.0,0.0,359,7180000,40,0.007958709262311459,4.041104793548584,0.0001563999999999991,9.119681156858517,18174.23987586149,-0.6134127432658414,55.314552545547485,37.11919069290161,92.43374395370483,2.0313262183435654e-08,-3.906249901319825e-07
492.1936417436899,0.0,500.0,0.0,360,7200000,40,0.008863423019647598,4.043795108795166,0.0001559999999999991,10.384414169439085,12855.2033083776,-0.6092327845561656,55.96914792060852,37.02362060546875,92.99276971817017,1.0585784693262212e-08,-1.2207031829802872e-07
489.689912939676,0.0,500.0,0.0,361,7220000,40,0.010208938270807266,4.046178340911865,0.0001555999999999991,9.68515151439199,19337.294715929944,-0.618644577483083,53.49026155471802,36.23448133468628,89.72474408149719,-1.8119811429073707e-08,9.765624753299562e-08
499.979641808425,0.0,500.0,0.0,362,7240000,40,0.0083386255428195,4.048284530639648,0.00015519999999999908,9.52344594305488,12258.93133903552,-0.5476746543672434,51.234145402908325,33.69551372528076,84.92966032028198,5.817413217812373e-09,0.0
465.85436905402514,0.0,500.0,0.0,363,7260000,40,0.0077571868896484375,4.050140857696533,0.00015479999999999907,10.937157154766616,15247.708283121874,-0.49163696898301695,49.841856241226196,36.37488317489624,86.2167420387268,1.0681151962899094e-08,2.4414063659605745e-07
442.65333451147916,0.0,500.0,0.0,364,7280000,40,0.009777290746569633,4.051772117614746,0.0001543999999999991,11.82204811721091,12524.80014339374,-0.6154741794820044,53.42629051208496,35.39109802246094,88.81739044189453,-3.3378602104505717e-09,-6.83593725625542e-07
499.04439326335904,0.0,500.0,0.0,365,7300000,40,0.008826974779367447,4.0532002449035645,0.00015399999999999908,8.8092749610828,14133.947037462369,-0.5081582492585205,50.66945815086365,41.66052794456482,92.32998728752136,9.536743617033494e-10,-1.4648437627329258e-06
514.1116427380084,0.0,500.0,0.0,366,7320000,40,0.009495800361037254,4.054445266723633,0.00015359999999999907,9.726319415516155,11643.459528423722,-0.6714705656644455,51.77177405357361,41.54527282714844,93.31704783439636,-7.820129432900558e-09,-2.4414061883248905e-08
478.32986319049235,0.0,500.0,0.0,367,7340000,40,0.007760738488286734,4.055525302886963,0.0001531999999999991,13.819945099930854,11916.258474634256,-0.5204843576641599,52.4311900138855,37.6304407119751,90.06163215637207,-1.3256072683986986e-08,-2.9296876391526894e-07
490.69169708946464,0.0,500.0,0.0,368,7360000,40,0.00808558240532875,4.056456089019775,0.00015279999999999908,11.747091563074452,12425.63889059079,-0.4657359605714394,50.95594882965088,35.43442177772522,86.39037156105042,1.1825561863076928e-08,-7.080078034960025e-07
524.7220504869807,0.0,500.0,0.0,369,7380000,40,0.009352277033030987,4.057252883911133,0.0001523999999999991,13.713516078595143,8818.220238966243,-0.5168388542428518,51.82526254653931,35.50742149353027,87.33268570899963,2.6702879907247734e-09,3.41796862812771e-07
465.6865423291355,0.0,500.0,0.0,370,7400000,40,0.010157807730138302,4.057928085327148,0.00015199999999999911,14.584301556941051,6191.808642208804,-0.5239286468239727,54.5670223236084,32.8770911693573,87.4441146850586,-6.103515470812226e-09,1.56249996052793e-06
487.7362337992473,0.0,500.0,0.0,371,7420000,40,0.007282767444849014,4.0584940910339355,0.0001515999999999991,10.134565718652336,5917.626400445829,-0.41761311136844576,50.89621090888977,33.23523426055908,84.13144659996033,1.9073485846288207e-10,3.1738281336401997e-07
463.72112037948443,0.0,500.0,0.0,372,7440000,40,0.008183248341083527,4.058961391448975,0.0001511999999999991,7.211372965384441,4638.474844651921,-0.4582713148942229,50.97889590263367,36.60448408126831,87.5833809375763,6.103515470812226e-09,9.521484116703505e-07
465.4505716116597,0.0,500.0,0.0,373,7460000,40,0.00823920127004385,4.059340000152588,0.00015079999999999908,5.652541517641894,5687.599456106781,-0.528117461654411,53.919254779815674,35.589839935302734,89.50909638404846,-4.911422823994371e-09,-1.5869140952418093e-06
475.7664284397808,0.0,500.0,0.0,374,7480000,40,0.007970793172717094,4.059638023376465,0.00015039999999999908,7.014589436342762,3850.9814004205596,-0.3260226689611271,53.59433388710022,35.04945969581604,88.643794298172,-7.820129432900558e-09,3.4179688555013854e-06
491.8185574856931,0.0,500.0,0.0,375,7500000,40,0.008038470521569252,4.059863567352295,0.0001499999999999991,7.172339787187091,2630.0872930879045,-0.346649510737295,54.97337055206299,35.61111903190613,90.58449196815491,1.845359776098121e-08,3.082275497945375e-06
501.98009353594136,0.0,500.0,0.0,376,7520000,40,0.007224773522466421,4.060023784637451,0.00014959999999999908,7.425255878146287,4077.781273189472,-0.3848421723172543,51.87501049041748,36.79290223121643,88.66791415214539,-8.106232129989621e-09,2.4414061883248905e-08
500.1559281464155,0.0,500.0,0.0,377,7540000,40,0.0077345543541014194,4.060125350952148,0.00014919999999999907,8.641550261123925,4248.9810800686,-0.4063792902145796,51.925655126571655,34.64091944694519,86.56657600402832,-1.4972686201986107e-08,-1.0864257546927547e-06
483.9083605127503,0.0,500.0,0.0,378,7560000,40,0.013246951624751091,4.060173511505127,0.00014879999999999906,7.488829800012005,4411.156132079689,-0.31217040213857106,50.84214401245117,35.96275305747986,86.80489802360535,7.629394338515283e-10,-6.347656267280399e-07
502.3282543779125,0.0,500.0,0.0,379,7580000,40,0.007852671667933464,4.060173511505127,0.00014839999999999905,7.299262193623622,1300.8839306096363,-0.3743950190580195,53.026865005493164,36.365195751190186,89.39206290245056,6.961822673900997e-09,1.4282226175055257e-06
498.81663047100545,0.0,500.0,0.0,380,7600000,40,0.006941585335880518,4.0601301193237305,0.00014799999999999904,5.979233296775514,2989.2317924548106,-0.27998973777292263,49.8443284034729,33.83574676513672,83.68007636070251,-2.3412704663883233e-08,4.1503906800244295e-07
456.89198120862545,0.0,500.0,0.0,381,7620000,40,0.009269345551729202,4.060047626495361,0.00014759999999999906,9.333473930199435,3167.7919296702003,-0.3181403822698601,50.14360451698303,36.6514093875885,86.79501605033875,-8.106232129989621e-09,6.469726372415607e-07
524.1035062300505,0.0,500.0,0.0,382,7640000,40,0.01034999918192625,4.059929847717285,0.00014719999999999905,15.051243573996672,3915.766621092778,-0.3774409068748355,51.20233488082886,40.91738295555115,92.11971879005432,-1.3160705414350105e-08,1.190185571431357e-06
484.4523460994916,0.0,500.0,0.0,383,7660000,40,0.010167261585593224,4.059780120849609,0.00014679999999999907,11.094084378716293,4455.654587452882,-0.4539326950741612,50.32494354248047,35.22594666481018,85.55089092254639,8.106231796922714e-10,-1.452636752219405e-06
442.1812985562512,0.0,500.0,0.0,384,7680000,40,0.010036972351372242,4.059601306915283,0.00014639999999999906,6.705251569960527,3338.664971107434,-0.4469361560229378,52.66026473045349,38.12092876434326,90.78119468688965,5.435943695175638e-09,2.3925781533762347e-06
494.36999760671506,0.0,500.0,0.0,385,7700000,40,0.008849311619997025,4.059396266937256,0.00014599999999999905,13.57678115060375,3918.38881537565,-0.3203817949932852,56.88065481185913,33.29916429519653,90.17982220649719,-1.3828277412031298e-09,6.347656267280399e-07
466.0436685745196,0.0,500.0,0.0,386,7720000,40,0.009113381616771221,4.059167861938477,0.00014559999999999907,13.076024363868555,3387.004806693496,-0.3073656631479408,53.573548316955566,36.07624793052673,89.64979839324951,5.7220459481754915e-09,-5.279541142044764e-07
526.1599434442991,0.0,500.0,0.0,387,7740000,40,0.00905715860426426,4.058917999267578,0.00014519999999999908,11.807451822841243,2051.579734802246,-0.28392656471959915,52.97639298439026,36.053651571273804,89.03004598617554,3.6239624634504253e-09,-5.432128773463774e-07
555.6538700158275,0.0,500.0,0.0,388,7760000,40,0.008320304565131664,4.058649063110352,0.00014479999999999907,10.972839919852603,1848.976769348922,-0.2971131225122483,53.46139645576477,35.59351444244385,89.05491232872009,-3.266334536178306e-09,1.0070800726680318e-06
493.2288028746656,0.0,500.0,0.0,389,7780000,40,0.008899973705410957,4.0583624839782715,0.00014439999999999906,14.91000340019062,2916.890076106369,-0.4015978652236473,51.52060604095459,33.84465289115906,85.36525988578796,1.1444092340440193e-09,-2.177429223593208e-06
470.66766839698965,0.0,500.0,0.0,390,7800000,40,0.009351544082164764,4.058060169219971,0.00014399999999999908,7.42711920688866,2166.3144315537374,-0.2762947585955737,52.081605195999146,34.735100746154785,86.8167073726654,1.0585784693262212e-08,-7.934570334100499e-08
540.96040488159,0.0,500.0,0.0,391,7820000,40,0.011017405427992344,4.057743549346924,0.0001435999999999991,9.629660509460292,1626.947763785587,-0.2961181982022941,52.29760813713074,35.767441272735596,88.06505084037781,8.01086397217432e-09,3.326416049276304e-07
514.9538816194048,0.0,500.0,0.0,392,7840000,40,0.010337031446397305,4.0574140548706055,0.00014319999999999912,13.64892869367721,1673.0777154132818,-0.25313341987147264,52.316245555877686,33.74438691139221,86.06063342094421,1.1014938294806598e-08,-5.737304604735982e-07
472.88384090429645,0.0,500.0,0.0,393,7860000,40,0.009878810495138168,4.057072639465332,0.0001427999999999991,7.3730410972218605,2290.689251218176,-0.3936261795591682,49.997135639190674,41.4002640247345,91.39740061759949,2.40802755513414e-09,4.7607420583517523e-07
554.9584253268617,0.0,500.0,0.0,394,7880000,40,0.009647282771766186,4.056720733642578,0.00014239999999999912,9.33446283283507,1112.1197972826137,-0.3120749490062712,54.42279076576233,36.75440692901611,91.17719841003418,1.0728836485895954e-08,7.293701287380827e-07
489.9375356921202,0.0,500.0,0.0,395,7900000,40,0.00916924700140953,4.056358814239502,0.00014199999999999914,8.826492302205153,1238.2597347818362,-0.2836584459219104,54.56551146507263,38.65801501274109,93.22352743148804,2.861023085110048e-10,6.561279519701202e-07
548.1372183231949,0.0,500.0,0.0,396,7920000,40,0.008726818487048149,4.055988311767578,0.00014159999999999913,9.209346821429623,996.9521563244473,-0.34078384362113706,52.99440574645996,35.4205584526062,88.41496682167053,1.602172794434864e-08,-1.0986327652062755e-06
476.7880709135761,0.0,500.0,0.0,397,7940000,40,0.009526657871901989,4.055609703063965,0.00014119999999999912,7.433879872795883,1149.0805075773008,-0.24616105935779536,51.68779253959656,36.2985634803772,87.98635721206665,2.6226043559063328e-09,-4.302978595660534e-07
460.8817044607211,0.0,500.0,0.0,398,7960000,40,0.008056043647229671,4.0552239418029785,0.0001407999999999991,8.84629140264669,1182.8624192256077,-0.2324664221661296,52.46138858795166,46.672269105911255,99.13365864753723,1.3351439953623867e-09,6.195068635861389e-07
481.27270634469994,0.0,500.0,0.0,399,7980000,40,0.008839686401188374,4.054831504821777,0.00014039999999999913,8.64457032099651,919.6093133088131,-0.24424306170267474,51.4487419128418,35.77926516532898,87.22800850868225,-6.38961772381208e-09,-6.103515914901436e-08
472.96443905035113,0.0,500.0,0.0,400,8000000,40,0.009447191841900349,4.0544328689575195,0.00013999999999999915,9.798067810998601,1033.2199364000064,-0.2685748875004708,52.703386545181274,36.69568085670471,89.3990683555603,-5.149841442175784e-09,4.6997070057841484e-07
125.09967995325333,1447.7949999999998,500.0,0.0,401,8020000,40,0.009263475425541401,4.056622505187988,0.00013959999999999914,12.75790774708341,22299.24759912187,-1.5757795218164754,59.73127293586731,36.90154838562012,96.63282251358032,8.869171175263091e-09,-7.324218813664629e-07
3.0562252263681935,675.3050000000001,500.0,0.0,402,8040000,40,0.007440331391990185,4.059762477874756,0.00013919999999999913,6.890802498266196,5411.199476322247,-0.4668017521737867,57.91865086555481,35.99725675582886,93.9159095287323,5.3119659781941664e-08,3.930664206563961e-06
2.7218334200645353,1249.225,500.0,0.0,403,8060000,40,0.006069389171898365,4.064788341522217,0.00013879999999999912,4.145628397745691,14001.6782646325,-1.1859920943950772,57.28702926635742,34.338454723358154,91.62548542022705,-7.05719003235572e-08,-1.2207031829802872e-07
2.58353160276556,1108.125,500.0,0.0,404,8080000,40,0.007361196912825108,4.071262836456299,0.0001383999999999991,3.1674427261398095,12084.016785941154,-0.7994923503345744,58.38047242164612,36.98209881782532,95.36257362365723,-1.506805347162299e-08,1.0986327652062755e-06
2.88240859480546,0.0,500.0,0.0,405,8100000,40,0.007761834654957056,4.077053546905518,0.0001379999999999991,2.5927663479640985,6128.3014548429255,-0.3679269584833057,57.29259443283081,36.04096794128418,93.33356428146362,-6.132125918156817e-08,2.734374902502168e-06
3.65359552373767,1095.275,500.0,0.025,406,8120000,40,0.007456162478774786,4.084198474884033,0.00013759999999999912,2.5556568573804417,27813.84985623694,-1.0628268423733438,59.67976188659668,35.11048150062561,94.7902443408966,-7.534026735811494e-09,6.591797045985004e-07
3.108635180574141,1432.5149999999999,500.0,0.0,407,8140000,40,0.008332463912665844,4.093170166015625,0.0001371999999999991,2.102992421122873,43000.56665952646,-1.4513439169829818,59.50818467140198,34.59348797798157,94.10167384147644,1.3270377507978992e-07,1.8310546465727384e-06
3.1079719081156645,3495.2125,500.0,0.0,408,8160000,40,0.007472628727555275,4.107448577880859,0.00013679999999999912,2.0279267470927755,109469.21669618643,-1.6489612543089374,58.89672374725342,35.72567415237427,94.62239933013916,-1.6641616085166788e-08,7.324218813664629e-07
2.596998064481138,1959.5475,500.0,0.0,409,8180000,40,0.007581458892673254,4.123772144317627,0.00013639999999999914,2.3630863096304,34353.73804232846,-0.865504433755662,59.66110181808472,34.980557441711426,94.64166045188904,-3.82900253725893e-08,-4.882812376649781e-08
2.6049441694842614,3.5200000000000005,500.0,0.0,410,8200000,40,0.006919297855347395,4.138446807861328,0.00013599999999999913,1.6647786736678165,17190.503531758495,-0.7306658291133346,60.197848081588745,35.00359630584717,95.20144557952881,-2.555847089524832e-08,-2.9296876391526894e-07
2.9890280701504017,0.8800000000000001,500.0,0.0,411,8220000,40,0.007464352995157242,4.15162992477417,0.00013559999999999915,1.4752539094656136,13506.361558192551,-0.5439665394319091,57.186408042907715,34.0448157787323,91.23122477531433,1.0070800726680318e-07,1.6357421372958925e-06
2.777944692684842,1260.0,500.0,0.0,412,8240000,40,0.00767417810857296,4.165730953216553,0.00013519999999999914,1.3521577945370582,50813.70596853852,-1.031441196068457,58.6252977848053,34.49310111999512,93.11840057373047,8.9168551653529e-08,6.347656267280399e-07
2.9437317325302024,0.0,500.0,0.0,413,8260000,40,0.009897961281239986,4.178395748138428,0.00013479999999999913,1.238400651808757,12339.984747022883,-0.5163910714256915,56.31450963020325,33.6658616065979,89.98037219047546,-2.1171569386524425e-08,6.347656267280399e-07
2.90398199410416,1.25,500.0,0.0,414,8280000,40,0.009743714705109596,4.189767837524414,0.00013439999999999912,1.1362829081192138,12592.267005016545,-0.6190021524834595,57.380290031433105,34.90534257888794,92.28563356399536,6.837844779283841e-08,4.882812731921149e-07
2.8327458607285836,7.625,500.0,0.0,415,8300000,40,0.009919588454067707,4.199986457824707,0.00013399999999999914,1.0174296136969214,9905.864303880437,-0.8655203316218344,57.52772545814514,34.29392910003662,91.82165551185608,4.6455859603611316e-08,-2.685546860448085e-07
3.085205963431496,0.0,500.0,0.0,416,8320000,40,0.007497100625187159,4.209151268005371,0.00013359999999999913,0.9159341568779793,10907.936628868929,-0.6351124569204203,55.71992015838623,33.18221426010132,88.9021360874176,-2.3460387410523253e-08,-5.859375278305379e-07
2.9704503522591863,0.0,500.0,0.0,417,8340000,40,0.008751018904149532,4.2173662185668945,0.00013319999999999914,0.8139719483768864,10284.640226531788,-0.5614968705495262,54.72133731842041,33.476797103881836,88.19813537597656,5.340575981449547e-09,-5.615234499600774e-07
3.342769635886403,543.1125,500.0,0.0,418,8360000,40,0.009452602826058865,4.225712299346924,0.00013279999999999914,0.7264142295832088,40661.069100796645,-1.0042324989298537,55.78846001625061,34.1318883895874,89.92034959793091,-7.228851472973474e-08,-6.127929736976512e-06
3.2166803695070754,543.1125,500.0,0.0,419,8380000,40,0.008034448139369488,4.234177112579346,0.00013239999999999913,0.669992554766737,7554.538956971381,-0.5964547858164189,58.15774941444397,34.171218156814575,92.32896852493286,-6.313324263373943e-08,2.9296876391526894e-07
2.6032997049696447,0.0,500.0,0.0,420,8400000,40,0.008357754908502102,4.241761207580566,0.00013199999999999914,0.5777171814707434,5313.310722467701,-0.4707407629532609,55.827392578125,34.147854804992676,89.97524905204773,4.386901952813105e-09,-3.1738281336401997e-07
3.4215167191157407,21.445,500.0,0.0,421,8420000,40,0.009011619724333286,4.248589992523193,0.00013159999999999913,0.5142972775373109,16880.152638759733,-0.8412220586684479,57.94012212753296,33.96957206726074,91.90969514846802,-8.869171175263091e-09,-4.39453117451194e-07
3.115555111136174,953.28,500.0,0.0,422,8440000,40,0.007814960554242134,4.256440162658691,0.00013119999999999915,0.45910279880378657,21656.65331908791,-0.9277085684951704,58.82426619529724,34.77604818344116,93.60031509399414,1.385688790378481e-07,2.19726558725597e-07
3.2915299001582676,88.05,500.0,0.0,423,8460000,40,0.008780429139733315,4.2636308670043945,0.00013079999999999914,0.42895397564313215,8703.90174805465,-0.7441686944597087,59.587167263031006,34.7039258480072,94.2910943031311,6.618499526211963e-08,1.4404297417058842e-06
3.2989780196743284,5.475,500.0,0.0,424,8480000,40,0.007897717878222466,4.270076274871826,0.00013039999999999913,0.3643805302299891,10361.267745505169,-0.4960202910872117,56.52875113487244,31.930707216262817,88.45945954322815,7.972717241955252e-08,-1.2207031829802872e-07
3.1200394182777793,0.0,500.0,0.0,425,8500000,40,0.008701474405825138,4.275839328765869,0.00012999999999999915,0.3111945369156303,11018.3312630623,-0.4961621892632572,55.723965883255005,33.036739110946655,88.76070594787598,-4.253387331232261e-08,2.9296876391526894e-07
3.0339991255457237,1.7587500000000003,500.0,0.0,426,8520000,40,0.007909866981208324,4.280991077423096,0.00012959999999999914,0.26409962245613144,11378.067556237871,-0.4782494154420628,55.84501934051514,33.55538988113403,89.40040993690491,3.0040741449965935e-08,4.39453117451194e-07
3.279569274053112,33.541250000000005,500.0,0.0,427,8540000,40,0.008193537592887878,4.28564977645874,0.00012919999999999913,0.22728755023733827,11268.625026299544,-0.6233920932599124,58.43803954124451,37.37343978881836,95.81148028373718,4.806518560940276e-08,2.685546860448085e-07
3.3399036042033146,1158.6875,500.0,0.0,428,8560000,40,0.009352396242320538,4.291935920715332,0.00012879999999999912,0.20369592754609267,30938.294677909318,-1.4317242403129105,59.68475341796875,33.20689392089844,92.89164853096008,4.577636936176077e-09,-1.4648438195763447e-07
3.3485599010883833,23.027499999999996,500.0,0.0,429,8580000,40,0.008014334365725517,4.297597885131836,0.00012839999999999914,0.18493218917375917,20211.694898277332,-0.8543294851709703,59.34537386894226,32.46947002410889,91.81484484672546,-5.340575981449547e-09,-1.4648438195763447e-07
3.496511506400934,10.01,500.0,0.0,430,8600000,40,0.008532543666660786,4.30267333984375,0.00012799999999999913,0.14231201446834643,12915.816436825891,-0.7706477275177551,61.690964698791504,35.85426640510559,97.54523372650146,-1.3351439953623867e-09,1.708984314063855e-07
2.9670219900171872,0.0,500.0,0.0,431,8620000,40,0.009058716706931591,4.307201385498047,0.00012759999999999912,0.10583952186024113,12386.982795433481,-0.6595228398159431,60.239940881729126,36.669713497161865,96.90965628623962,-1.602172794434864e-08,1.9531249506599124e-07
3.1320600191850474,0.0,500.0,0.0,432,8640000,40,0.010488178580999374,4.311236381530762,0.0001271999999999991,0.0762121554315802,11400.098433826228,-0.5082321023865111,66.35490012168884,38.21321415901184,104.56811547279358,-6.170272826011569e-08,-3.906249901319825e-07
3.4825292455673442,0.0,500.0,0.0,433,8660000,40,0.008762366138398647,4.314826488494873,0.0001267999999999991,0.055638444144278765,13367.158878127177,-0.631593391261283,66.23158860206604,36.34479832649231,102.57638907432556,9.059905714536853e-09,5.37109372089617e-07
3.201858703984797,16.607499999999998,500.0,0.0,434,8680000,40,0.008875084109604359,4.318046569824219,0.00012639999999999912,0.03442136809870506,22271.339622934913,-0.911122218533686,68.10902190208435,38.58479070663452,106.69381475448608,-1.4972686201986107e-08,4.882812376649781e-08
3.2787248188056153,1069.6425,500.0,0.0,435,8700000,40,0.008261013776063919,4.3228912353515625,0.0001259999999999991,0.025799092429743452,26966.616704010205,-1.246881413958065,59.71808052062988,37.64725422859192,97.36533832550049,-4.1961669694501325e-09,2.8808594834117685e-06
3.268257883040815,42.65,500.0,0.0,436,8720000,40,0.008044603280723095,4.3272905349731445,0.00012559999999999912,0.01898070782004814,16783.309632300115,-0.7917951826789197,60.62520909309387,38.058077573776245,98.68329000473022,1.5830993405074878e-08,0.0
2.969404907885621,0.32999999999999996,500.0,0.0,437,8740000,40,0.008076699450612068,4.331209659576416,0.0001251999999999991,0.008458212382088943,14110.623106044113,-0.6423759218471445,60.03171730041504,44.17288517951965,104.20460438728333,-8.77380390562621e-09,-2.19726558725597e-07
3.127868504928646,501.60875,500.0,0.0,438,8760000,40,0.010289053432643414,4.335631847381592,0.0001247999999999991,0.0093065771362507,17255.37870013,-1.2807877657282505,61.66154074668884,39.184860944747925,100.84640288352966,-3.7193297330873065e-09,-1.977539113795501e-06
2.7087283394910906,88.28625000000001,500.0,0.0,439,8780000,40,0.00937720388174057,4.339735984802246,0.00012439999999999912,0.005808378361643049,10014.864975655913,-0.666084408024504,59.00517678260803,40.427836179733276,99.43301558494568,1.115798919926192e-08,-3.6621094068323146e-07
3.017252127962575,402.8625,500.0,0.0,440,8800000,40,0.008480524644255638,4.344142436981201,0.00012399999999999914,0.006974931149580367,30006.770706857085,-1.0293602604418992,63.62129330635071,36.088396310806274,99.7096917629242,-4.959106458812812e-09,1.9287108443677425e-06
3.649307913658501,1657.2287499999998,500.0,0.0,441,8820000,40,0.008561859838664532,4.351168632507324,0.00012359999999999916,0.008258524965672831,18072.15022967879,-1.2282478392314,59.71280121803284,35.73177170753479,95.44457387924194,2.479553229406406e-09,-3.906249901319825e-07
4.144428991185075,308.21875,500.0,0.0,442,8840000,40,0.009486787021160126,4.3580322265625,0.00012319999999999917,0.011111660132326992,24972.38071454285,-1.4691790703779004,59.84295701980591,37.26122450828552,97.10418319702148,-5.9604645663569045e-09,2.4414063659605745e-07
3.036386398844759,111.19875000000002,500.0,0.0,443,8860000,40,0.010618406347930431,4.364380359649658,0.00012279999999999916,0.006574237280062572,10390.52129057866,-0.6404283510224454,58.580204248428345,35.297346115112305,93.87755131721497,4.768371808516747e-10,2.19726558725597e-07
3.3712002486053008,50.11375,500.0,0.0,444,8880000,40,0.009492659009993076,4.370148658752441,0.00012239999999999915,0.010155083645790649,24950.472537037065,-0.8835831512691109,60.65578508377075,37.51845097541809,98.17423796653748,-1.2302399099439754e-08,1.074218744179234e-06
3.057927293579218,23.302500000000002,500.0,0.0,445,8900000,40,0.00823489110916853,4.375344276428223,0.00012199999999999916,0.009114170680193313,17589.279126870708,-0.9610406970000192,55.122400522232056,35.886099100112915,91.00850129127502,3.051757957450718e-08,3.906249901319825e-07
3.178263840190027,946.04625,500.0,0.0,446,8920000,40,0.009002847597002983,4.381762504577637,0.00012159999999999916,0.00780902012602788,30680.921544263318,-1.2702908314574677,59.782079219818115,43.43404698371887,103.21612763404846,6.008148201175345e-09,4.785156306752469e-06
3.3652047748474176,0.07875000000000001,500.0,0.0,447,8940000,40,0.009027319960296154,4.387499809265137,0.00012119999999999916,0.012914783827393986,23293.76370690218,-0.9910254423737905,57.252625703811646,33.24433755874634,90.4969642162323,7.629394338515283e-10,2.9296876391526894e-07
3.2426162493609,0.0,500.0,0.0,448,8960000,40,0.00809522159397602,4.392623424530029,0.00012079999999999917,0.007997983451458109,15339.984784460372,-0.8147512459925785,58.09674000740051,35.36090040206909,93.45764207839966,-1.8119812317252126e-09,-2.2460937998403097e-06
3.408096800928822,0.0,500.0,0.0,449,8980000,40,0.0093586640432477,4.397193908691406,0.00012039999999999917,0.0077921497269984406,18021.395908156475,-0.6802633300138886,58.40431237220764,39.11668038368225,97.52099418640137,3.6239624634504253e-09,-2.4414061883248905e-08
3.622989322977557,24.16375,500.0,0.0,450,9000000,40,0.009291588328778744,4.40131139755249,0.00011999999999999918,0.009683599636243408,34050.09381570026,-0.9093548043684405,57.986807107925415,37.25674295425415,95.24355149269104,-2.145767119543507e-09,1.074218744179234e-06
4.709984990523756,1.63625,500.0,0.0,451,9020000,40,0.006607508286833763,4.404977798461914,0.00011959999999999918,0.00551939106184491,5948.668453163098,-0.61889804150838,62.52902436256409,39.73046517372131,102.25949048995972,-6.198883073516015e-10,6.494140507129487e-06
5.302660666078131,0.0,500.0,0.0,452,9040000,40,0.00641485583037138,4.408234596252441,0.00011919999999999918,0.0038758402728849345,7956.20116666563,-0.3883474287333762,59.58795523643494,37.3503782749176,96.93833494186401,-9.334087280876702e-09,7.861328413127922e-06
5.454760451450603,0.0,500.0,0.0,453,9060000,40,0.007438704837113619,4.411121845245361,0.00011879999999999917,0.0038160816395572225,6245.037089101221,-0.24199801952975572,61.91762399673462,40.289790630340576,102.20741605758667,-3.8146971692576415e-10,-7.1533204391016625e-06
5.346845369938438,0.0,500.0,0.0,454,9080000,40,0.007281304802745581,4.4136762619018555,0.00011839999999999918,0.0032303299668102648,4768.821630383145,-0.30832584211543484,61.04337739944458,35.83644390106201,96.87982249259949,4.644394024921894e-08,6.604003829124849e-06
5.274076151095679,0.0,500.0,0.0,455,9100000,40,0.008252205327153206,4.41593074798584,0.00011799999999999918,0.002863751727217144,4441.803248168557,-0.23484564197908162,59.046215534210205,36.44025135040283,95.48646783828735,2.6226043559063328e-09,1.1352539331710432e-05
5.288872767335843,0.0,500.0,0.0,456,9120000,40,0.006956757977604866,4.417914867401123,0.00011759999999999919,0.0026541768268097763,6437.3452363226825,-0.27802036127467067,58.5082802772522,34.009608030319214,92.51789116859436,3.3903120311151724e-08,1.5869140952418093e-06
5.262087028026154,0.0,500.0,0.0,457,9140000,40,0.007768111303448677,4.419654846191406,0.00011719999999999919,0.002535194536829723,8926.095145236459,-0.18976438786763294,58.45630979537964,35.136738538742065,93.5930495262146,5.7220459481754915e-09,2.8808594834117685e-06
5.3135123086183045,0.0,500.0,0.0,458,9160000,40,0.009417270310223103,4.421175003051758,0.00011679999999999918,0.002619082502432013,7680.603289600543,-0.22567839039026932,58.61461877822876,36.67714810371399,95.29176783561707,-2.1028519370247523e-08,5.615234385913936e-06
5.270916602523835,0.0,500.0,0.0,459,9180000,40,0.005572026129812002,4.422497272491455,0.00011639999999999918,0.0026191431677538403,5261.431950300666,-0.18113462167086114,57.782631635665894,36.56943345069885,94.35206651687622,-2.0551681245706277e-08,5.37109372089617e-07
5.307716109538498,0.0,500.0,0.0,460,9200000,40,0.006692058406770229,4.423640727996826,0.00011599999999999919,0.00237712459666521,15372.559922139357,-0.25711472784969835,59.6630117893219,42.508477449417114,102.17149090766907,1.478195232884616e-09,-1.7822266045186552e-06
5.635392980881643,0.0,500.0,0.0,461,9220000,40,0.006549470592290163,4.424623012542725,0.00011559999999999919,0.00287709670007128,10984.109665422378,-0.2782114607181139,59.497801065444946,40.7432906627655,100.24109387397766,-8.201599399626502e-09,5.346679699869128e-06
5.684262757597094,0.0,500.0,0.0,462,9240000,40,0.008611717261373997,4.425460338592529,0.00011519999999999918,0.0028550572001714864,5996.2404926470135,-0.25124441345880744,65.5133638381958,37.07070350646973,102.58406972885132,3.1661986810149756e-08,-2.978515567519935e-06
5.238828368852199,0.0,500.0,0.0,463,9260000,40,0.006646929774433374,4.426166534423828,0.00011479999999999919,0.002505041441266947,7470.204491205884,-0.3220103244825154,59.251434087753296,39.52505826950073,98.77649474143982,-1.2350082734258194e-08,-5.37109372089617e-07
5.2583929718235085,0.0,500.0,0.0,464,9280000,40,0.004873361438512802,4.426754474639893,0.00011439999999999919,0.0025011409690995127,14130.262368871603,-0.17215102589481576,60.53560972213745,39.83192420005798,100.36753487586975,4.4345855876315454e-09,1.9531249506599124e-07
5.490243284700111,0.0,500.0,0.0,465,9300000,40,0.013435859233140945,4.427236080169678,0.00011399999999999919,0.002718960186785419,13119.776932306957,-0.26788585737442516,61.277167320251465,38.5850772857666,99.86224675178528,8.869171175263091e-09,-4.6386719532165444e-07
5.347741945103151,0.0,500.0,0.0,466,9320000,40,0.008840512484312057,4.427621364593506,0.0001135999999999992,0.0027847212349631154,12925.616383449287,-0.40523924270443096,60.397303342819214,38.82101035118103,99.21831560134888,2.9087066089061864e-09,-7.568359592369234e-07
5.446030787361804,0.0,500.0,0.0,467,9340000,40,0.007079919334501028,4.427920341491699,0.0001131999999999992,0.0029890763135122693,10232.176634245465,-0.22336053229915867,59.274900674819946,37.24399018287659,96.51889204978943,1.528263027239518e-08,-4.6386719532165444e-07
5.502772565392175,0.0,500.0,0.0,468,9360000,40,0.00570543110370636,4.428141117095947,0.0001127999999999992,0.0030308579922591447,4897.5873583945495,-0.18047748742874262,63.16322684288025,35.76877284049988,98.9320011138916,1.673698513116051e-08,1.1718750556610757e-06
5.354463993427419,0.0,500.0,0.0,469,9380000,40,0.006351170130074024,4.428291320800781,0.00011239999999999921,0.002902623505411658,9811.125385260126,-0.25205249700125804,56.88370871543884,35.84000873565674,92.7237184047699,2.2125243859250077e-08,-1.1718750556610757e-06
5.452004678143934,0.0,500.0,0.0,470,9400000,40,0.005476102698594332,4.428378105163574,0.00011199999999999921,0.0030173367647910905,6279.765812265189,-0.1830306790864012,58.52504253387451,36.25218057632446,94.77722406387329,3.385543934086854e-08,-8.78906234902388e-07
5.338226850798462,0.0,500.0,0.0,471,9420000,40,0.007222674787044525,4.428407669067383,0.00011159999999999922,0.0028964332526603084,10633.967117290133,-0.31056650339323244,63.011083126068115,36.0347797870636,99.04586362838745,1.437664032266639e-08,-7.324219097881723e-08
5.475882372598602,0.0,500.0,0.0,472,9440000,40,0.008711191825568676,4.428385257720947,0.00011119999999999922,0.0030340724697731033,6104.717654506416,-0.2625856580438128,60.62506818771362,35.785226583480835,96.41029691696167,1.0776520120714395e-08,1.9531249506599124e-07
5.540257145786441,0.0,500.0,0.0,473,9460000,40,0.00956537202000618,4.428316116333008,0.00011079999999999922,0.0030858138604697646,6109.0364976044675,-0.2978420561025287,58.68661713600159,37.81968021392822,96.50629878044128,-1.3208389049168545e-08,-1.5747070847282885e-06
5.503217806899487,0.0,500.0,0.0,474,9480000,40,0.007791022304445505,4.4282050132751465,0.00011039999999999923,0.0032548670232100236,6467.830973048119,-0.22176241274021424,65.31031799316406,37.91629910469055,103.22661900520325,1.76429750808893e-08,-7.324218813664629e-07
5.507871545989209,0.0,500.0,0.0,475,9500000,40,0.007068579085171223,4.428055763244629,0.00010999999999999923,0.0030281595039703428,6580.962049613029,-0.3229248543299592,62.46883249282837,36.383673429489136,98.85250735282898,3.7956237264324955e-08,-1.4648438195763447e-07
5.925392316087564,0.0,500.0,0.0,476,9520000,40,0.007870370522141457,4.427872180938721,0.00010959999999999924,0.0033820906186114497,7002.929157232783,-0.25861094159780035,62.338491439819336,36.22767210006714,98.56616568565369,-1.4495849853801701e-08,-4.39453117451194e-07
5.885515247681963,0.0,500.0,0.0,477,9540000,40,0.008006838150322437,4.427657604217529,0.00010919999999999924,0.0032859680001478594,6117.3874717469425,-0.32439008656723106,64.69514679908752,35.17543315887451,99.87058186531067,8.77380390562621e-09,9.521484116703505e-07
5.761780619844179,0.0,500.0,0.0,478,9560000,40,0.008832150138914585,4.427414894104004,0.00010879999999999924,0.0033729015740159613,7970.413502473284,-0.2651940678418347,57.18524789810181,37.25166416168213,94.43691301345825,5.269050529221886e-09,2.4414063659605745e-07
5.354431747557475,0.0,500.0,0.0,479,9580000,40,0.007178307510912418,4.427146911621094,0.00010839999999999925,0.003465666489751274,3013.3279604383333,-0.30970533042790216,58.918591022491455,34.55009055137634,93.46868252754211,-1.4781951662712345e-08,-1.3000487797398819e-06
5.588124323047479,0.0,500.0,0.0,480,9600000,40,0.007146085146814585,4.42685604095459,0.00010799999999999925,0.00342009293540547,10480.57285525571,-0.15004608466699246,60.421061277389526,36.88534092903137,97.30640435218811,1.3828277189986693e-08,7.324219097881723e-08
5.5077134937483425,0.0,500.0,0.0,481,9620000,40,0.007142304442822933,4.426544189453125,0.00010759999999999925,0.003690149885703139,7137.286777063843,-0.3330026720051363,61.65807843208313,36.500789642333984,98.15886926651001,-1.4114379887075756e-08,-5.37109372089617e-07
5.869478538929063,0.0,500.0,0.0,482,9640000,40,0.009598545730113983,4.42621374130249,0.00010719999999999926,0.003763774709863541,6920.763262803387,-0.26790170773958705,57.62326717376709,33.35223841667175,90.97550654411316,1.440048258416482e-08,4.39453117451194e-07
6.232637022703984,0.0,500.0,0.0,483,9660000,40,0.007855594158172607,4.425866603851318,0.00010679999999999926,0.004256881278929164,7820.715969148867,-0.24056197551974826,56.20045757293701,32.22100114822388,88.42145991325378,1.754760781125242e-08,5.126952942191565e-07
5.755531394509331,0.0,500.0,0.0,484,9680000,40,0.0068828812800347805,4.425504207611084,0.00010639999999999927,0.0038953853897145314,8757.819510995658,-0.26187706658984444,58.40370583534241,37.04649519920349,95.45020365715027,6.103515470812226e-09,-7.934570476209046e-07
5.969772660167628,0.0,500.0,0.0,485,9700000,40,0.007786262314766645,4.4251275062561035,0.00010599999999999927,0.0038231831710936895,7187.453270745733,-0.24722954795049254,57.75087380409241,32.65448617935181,90.40536069869995,3.8146971692576415e-10,-3.906249901319825e-07
5.879606764842374,0.0,500.0,0.0,486,9720000,40,0.00830557569861412,4.42473840713501,0.00010559999999999927,0.0037463921500046613,8738.452299169066,-0.2667472965991611,56.52652716636658,33.879228353500366,90.40575671195984,1.2683868177987279e-08,-3.41796862812771e-07
5.606024918944408,0.0,500.0,0.0,487,9740000,40,0.008190928027033806,4.424337863922119,0.00010519999999999928,0.003921922771289802,11180.370920713389,-0.38801742482242313,58.10520958900452,33.9321768283844,92.03738760948181,2.2888184680880386e-09,1.708984314063855e-07
5.773800379318298,0.0,500.0,0.0,488,9760000,40,0.009315377101302147,4.423927307128906,0.00010479999999999928,0.0038548297949867905,9551.577818269183,-0.28045692458203075,59.49319267272949,33.82698440551758,93.32017827033997,-1.8596648665436533e-09,-1.0009765674112714e-06
5.850176757185966,0.0,500.0,0.0,489,9780000,40,0.016097335144877434,4.423507213592529,0.00010439999999999929,0.003965544176642385,8743.207364202608,-0.23996896376465537,56.98195123672485,36.82892036437988,93.81087398529053,-6.198883073516015e-10,-4.1503906800244295e-07
6.0505534323785,0.0,500.0,0.0,490,9800000,40,0.00872914306819439,4.423078536987305,0.00010399999999999929,0.004033640104532835,4114.114025587337,-0.2596857778265313,55.40958213806152,35.46667528152466,90.87625813484192,2.6702879907247734e-09,-9.521484116703505e-07
6.045040851277027,0.0,500.0,0.0,491,9820000,40,0.006180558353662491,4.422642230987549,0.00010359999999999929,0.004625202381314568,1841.5770080857976,-0.28288507458225937,58.02318358421326,36.18898320198059,94.2121696472168,6.675719976811934e-10,-4.3762206587416586e-06
6.15077155588814,0.0,500.0,0.0,492,9840000,40,0.009762790985405445,4.42219877243042,0.0001031999999999993,0.004030040028886158,1941.674757336659,-0.18296613904178902,56.402172327041626,34.23970818519592,90.64188146591187,-1.592636067471176e-08,-1.794433615032176e-06
6.123983871643832,0.0,500.0,0.0,493,9860000,40,0.006474674213677645,4.421749114990234,0.0001027999999999993,0.004137629073166591,1319.2252667858343,-0.14372849131038615,57.07352662086487,33.1346435546875,90.20817112922668,-5.7220459481754915e-09,-2.5695801468827995e-06
5.965521145600376,0.0,500.0,0.0,494,9880000,40,0.009144710376858711,4.42129373550415,0.0001023999999999993,0.004277882969732082,2260.533973645253,-0.19276815950870513,58.33519530296326,34.08411693572998,92.41931438446045,-3.290176353587526e-09,5.859375278305379e-07
6.203420869448014,0.0,500.0,0.0,495,9900000,40,0.007099770475178957,4.420832633972168,0.00010199999999999931,0.004189332715453651,1007.4289314124235,-0.2193232397139547,58.78023958206177,32.09616279602051,90.87640309333801,3.6239624634504253e-09,2.0416259758349042e-06
6.586325973819784,0.0,500.0,0.0,496,9920000,40,0.007840543985366821,4.4203667640686035,0.00010159999999999931,0.004477767316086194,920.882136929263,-0.11500238117518698,57.08491110801697,34.21005725860596,91.29496908187866,1.8119811429073707e-08,1.5716552752564894e-06
6.249852961046654,0.0,500.0,0.0,497,9940000,40,0.007108711171895266,4.419896602630615,0.00010119999999999932,0.004120707352590824,1318.832476461617,-0.14172348661621095,55.732338190078735,33.061726570129395,88.79406762123108,7.724762163263676e-09,-1.4648438195763447e-07
6.20885993536802,0.0,500.0,0.0,498,9960000,40,0.012842627242207527,4.419422149658203,0.00010079999999999932,0.004232190736416715,1579.0741612865668,-0.127541143263269,55.25831389427185,34.77519631385803,90.03351163864136,-9.536742923144104e-11,4.1503906800244295e-07
6.165454178910249,0.0,500.0,0.0,499,9980000,40,0.006489504128694534,4.418944358825684,0.00010039999999999932,0.004183438592953726,2258.746083000815,-0.13946887355084253,57.9644832611084,32.76273465156555,90.72721934318542,1.239776614703203e-09,4.39453117451194e-07
5.906766669194414,0.0,500.0,0.0,500,10000000,40,0.007293902803212404,4.418462753295898,9.999999999999933e-05,0.004089311607201305,4418.897871991783,-0.166195040817853,57.26866674423218,32.76138496398926,90.03005290031433,4.959106458812812e-09,1.9531249506599124e-07
355.0887803957093,0.0,500.0,0.0,501,10020000,40,0.008973908610641956,4.417978286743164,9.959999999999933e-05,6.239063465856253,15703.552110689005,-0.8599165113393669,55.96955418586731,33.13631868362427,89.10587406158447,7.854461614442698e-07,-2.6855468604480848e-06
464.8311968177525,0.0,500.0,0.0,502,10040000,40,0.009264632128179073,4.4174909591674805,9.919999999999933e-05,2.1941156410962153,13514.876908884231,-0.5164046810785676,52.65898680686951,32.10452198982239,84.76351022720337,-5.846023398703437e-08,-1.1718750556610757e-06
462.1344815851432,0.0,500.0,0.0,503,10060000,40,0.006455092690885067,4.417000770568848,9.879999999999934e-05,0.9230700043593623,10583.029666798586,-0.5420688794937673,53.04582929611206,32.09204339981079,85.13787388801575,-3.950119094042748e-07,1.416015606992005e-06
454.0061574391302,0.0,500.0,0.0,504,10080000,40,0.008732782676815987,4.416508197784424,9.839999999999934e-05,0.7795951311067221,6457.071230184956,-0.5635195508646738,51.3792085647583,32.08367609977722,83.462886095047,1.1882782047223373e-07,-6.83593725625542e-07
474.5187179994124,0.0,500.0,0.0,505,10100000,40,0.00900988094508648,4.416013240814209,9.799999999999935e-05,0.8415086084158178,6526.196747525938,-0.47860259421549406,53.65930676460266,33.20759177207947,86.86689949035645,6.450891305576079e-07,1.4648438195763447e-07
454.4122494929132,0.0,500.0,0.0,506,10120000,40,0.008836173452436924,4.415516376495361,9.759999999999935e-05,1.0365427775177987,5830.232143173704,-0.3919014080813166,51.241883516311646,32.50278925895691,83.74467372894287,-1.9779204762926383e-07,5.126952942191565e-07
461.0941668844036,0.0,500.0,0.0,507,10140000,40,0.008578766137361526,4.415017604827881,9.719999999999935e-05,1.0363856600728005,4267.689713826757,-0.41427010144611265,54.53572726249695,32.589367628097534,87.12509608268738,-1.2035370389185118e-07,4.516601563864242e-07
456.1649387550345,0.0,500.0,0.0,508,10160000,40,0.009529948234558105,4.414516925811768,9.679999999999936e-05,0.8847520886143302,2851.8832012006433,-0.37028362099793116,54.673720359802246,33.20334458351135,87.87706732749939,-2.792358486658486e-07,-3.1738281336401997e-07
459.2429795544367,0.0,500.0,0.0,509,10180000,40,0.009029495529830456,4.4140143394470215,9.639999999999936e-05,0.8356900353862602,3878.901654917723,-0.36231558088948773,55.080520153045654,34.96424603462219,90.0447678565979,-1.2130738014093367e-07,-3.662109548940862e-08
476.74475273647465,0.0,500.0,0.0,510,10200000,40,0.008891165256500244,4.413510322570801,9.599999999999937e-05,0.6952181209566867,1048.659928864886,-0.30565313402871797,55.99025630950928,32.017613649368286,88.00787162780762,-3.3740997196218814e-07,-2.3498535028920742e-07
466.4551675690633,0.0,500.0,0.0,511,10220000,40,0.008763317950069904,4.413004398345947,9.559999999999937e-05,1.0005262353712585,859.4475968476314,-0.25508948806317366,52.2266743183136,33.45226716995239,85.67894268035889,-7.514953637155486e-08,-2.734374902502168e-06
454.27152832678576,0.0,500.0,0.0,512,10240000,40,0.01007835939526558,4.412497043609619,9.519999999999937e-05,0.7899478736197113,2050.9323396379023,-0.2833066171640234,53.62831234931946,35.26383304595947,88.89214777946472,-4.253387331232261e-08,5.493163826031378e-07
452.95416533170703,0.0,500.0,0.0,513,10260000,40,0.007602492347359657,4.411988735198975,9.479999999999938e-05,0.9380660386601831,1138.241500353965,-0.30484586597722807,53.45788788795471,33.85859489440918,87.31648397445679,-1.2989043796096666e-07,1.025390588438313e-06
452.91521423310076,0.0,500.0,0.0,514,10280000,40,0.00799310952425003,4.4114789962768555,9.439999999999938e-05,0.7986007084559863,1787.2464920238324,-0.22274629535853482,53.49022841453552,33.686431646347046,87.17666101455688,-6.82830787468447e-08,4.6386719532165444e-07
464.7255082464384,0.0,500.0,0.0,515,10300000,40,0.007369710598140955,4.410967826843262,9.399999999999938e-05,0.8160584896470711,1998.2839669537393,-0.21736386041423889,52.241958141326904,32.3791446685791,84.62110376358032,-4.339218051541138e-08,-2.0751953400122147e-07
465.4697564105618,0.0,500.0,0.0,516,10320000,40,0.008468697778880596,4.410455703735352,9.359999999999939e-05,0.752664106329725,1641.0619035028349,-0.23479102074174554,52.56789231300354,32.42673850059509,84.99463152885437,-1.239776614703203e-09,6.774902203687816e-07
462.5142160291758,0.0,500.0,0.0,517,10340000,40,0.007131964899599552,4.409942626953125,9.319999999999939e-05,1.4082528510386016,1464.59139753694,-0.2325493425866411,53.58625936508179,33.98081922531128,87.56708025932312,-1.7166137400437265e-09,1.3824462712364038e-06
455.198006193218,0.0,500.0,0.0,518,10360000,40,0.008336326107382774,4.409428119659424,9.27999999999994e-05,0.667544365840353,931.0156151158035,-0.23015439115037584,53.37932372093201,32.64412045478821,86.02344536781311,-6.771087868173709e-08,1.4099121017352445e-06
445.6546692601223,0.0,500.0,0.0,519,10380000,40,0.009329252876341343,4.408912658691406,9.23999999999994e-05,1.1060521532965313,908.1848471428938,-0.1799146619435566,52.88939571380615,32.591936349868774,85.48133301734924,3.700256456795614e-08,-3.356933575560106e-07
452.21924026421766,0.0,500.0,0.0,520,10400000,40,0.009336249902844429,4.408396244049072,9.19999999999994e-05,0.7636904962408315,725.7510933262528,-0.20153720967210592,55.100011348724365,32.69884490966797,87.79885864257812,7.495879827956742e-08,-1.0009765674112714e-06
474.41112454535084,0.0,500.0,0.0,521,10420000,40,0.006907114293426275,4.407878875732422,9.159999999999941e-05,0.7212579890705977,978.7525324244408,-0.19220621635081472,55.68316197395325,37.19600820541382,92.8791720867157,4.6873093850763325e-08,-1.5258788721439487e-07
481.03210826199194,0.0,500.0,0.0,522,10440000,40,0.008318807929754257,4.407360553741455,9.119999999999941e-05,0.9358316216736462,783.0831145900071,-0.20894738841256139,53.07643938064575,33.45352220535278,86.52996230125427,3.3283232170333577e-08,8.056640581344254e-07
472.4947983467911,0.0,500.0,0.0,523,10460000,40,0.0066629997454583645,4.406841278076172,9.079999999999942e-05,0.9854557888523029,1165.574386650134,-0.1587441610860502,51.56860828399658,31.948832511901855,83.51744151115417,-4.959106458812812e-09,1.3122559039402404e-07
465.65157431867885,0.0,500.0,0.0,524,10480000,40,0.00735649885609746,4.406321048736572,9.039999999999942e-05,0.9291425175537729,1783.7472999767133,-0.20257916653137298,52.14503574371338,34.90685176849365,87.05188846588135,4.0435789827597546e-08,5.310058668328566e-07
452.4470672640449,0.0,500.0,0.0,525,10500000,40,0.010903318412601948,4.4058003425598145,8.999999999999942e-05,0.7740826906909228,3810.553747053207,-0.2572739302981526,52.744953870773315,32.5217649936676,85.26671981811523,3.767013367905747e-09,-1.5869140668200998e-07
477.433528774759,0.0,500.0,0.0,526,10520000,40,0.009671497158706188,4.40527868270874,8.959999999999943e-05,0.956037803416609,3266.3033782958983,-0.2690068731191242,52.832637310028076,34.60814118385315,87.44077968597412,1.435279806116796e-08,-2.9296876391526894e-07
470.9125233213434,0.0,500.0,0.0,527,10540000,40,0.008094729855656624,4.40475606918335,8.919999999999943e-05,0.6636189530324784,1275.5840295973858,-0.22594095757349755,52.21299743652344,34.32564449310303,86.53864288330078,3.433227480087453e-09,-5.432128773463774e-07
458.67231175148845,0.0,500.0,0.0,528,10560000,40,0.008450356312096119,4.404232978820801,8.879999999999943e-05,0.8201288503541309,2950.4116977910326,-0.22364129144757702,53.85300850868225,34.42985820770264,88.2828676700592,-7.629394338515283e-10,1.708984314063855e-07
467.67555320910003,0.0,500.0,0.0,529,10580000,40,0.007394373882561922,4.4037089347839355,8.839999999999944e-05,0.6731952700550389,1363.867011256127,-0.2266553602157647,51.47476673126221,36.48223304748535,87.95700120925903,4.386901952813105e-09,-1.1230468999201548e-06
463.1779179529893,0.0,500.0,0.0,530,10600000,40,0.008658223785459995,4.403183937072754,8.799999999999944e-05,0.8846702209323835,1802.6442609410376,-0.12991751857149372,53.24037408828735,35.57303023338318,88.81340551376343,-5.7220459481754915e-09,-3.784179796184617e-07
458.7627540877277,0.0,500.0,0.0,531,10620000,40,0.009871263056993484,4.402658462524414,8.759999999999945e-05,0.7554590440195078,1364.3557335240066,-0.18080940440083576,52.988040924072266,33.252323627471924,86.2403655052185,-2.38418573772492e-09,2.3193359766082722e-07
457.58344182582675,0.0,500.0,0.0,532,10640000,40,0.009901708923280239,4.402132034301758,8.719999999999945e-05,1.4558448855284674,1126.6403758152276,-0.18991398804459222,53.03864073753357,34.29858899116516,87.33723092079163,-1.5258788677030566e-09,-1.4457702945946949e-07
473.9097550903845,0.0,500.0,0.0,533,10660000,40,0.010671461932361126,4.401605129241943,8.679999999999945e-05,0.8680116232745587,754.9294800533611,-0.1851872583922402,51.6785614490509,34.56167149543762,86.24023461341858,-1.125335735707722e-08,5.493163968139925e-08
463.8270060141287,0.0,500.0,0.0,534,10680000,40,0.010291331447660923,4.4010772705078125,8.639999999999946e-05,1.1543848633766174,1506.1586382677601,-0.2536491936654042,53.86406636238098,36.43841624259949,90.30248403549194,-5.531310964812519e-09,-3.784179796184617e-07
461.09588506480515,0.0,500.0,0.0,535,10700000,40,0.0088864266872406,4.400548934936523,8.599999999999946e-05,1.3012465312032944,1530.0220538922936,-0.27778812615663573,52.376624584198,32.11580681800842,84.49243259429932,-2.861023085110048e-10,-7.324218813664629e-07
463.2847808392565,0.0,500.0,0.0,536,10720000,40,0.008853872306644917,4.400019645690918,8.559999999999947e-05,1.078628276108177,1195.6329503101908,-0.20849619924571294,53.411285638809204,34.15141034126282,87.56269788742065,6.103515470812226e-09,-3.540039017480012e-07
462.2837543282849,0.0,500.0,0.0,537,10740000,40,0.008431719616055489,4.399489879608154,8.519999999999947e-05,1.7247647815733957,1719.9816353281592,-0.1878156197737831,54.30741572380066,33.2185263633728,87.52594304084778,7.629394893626795e-09,-1.098632793627985e-07
464.6222115834829,0.0,500.0,0.0,538,10760000,40,0.009454610757529736,4.398959159851074,8.479999999999947e-05,1.4654436118568583,1693.3859509947954,-0.275636212608427,52.65490365028381,32.893829345703125,85.54873490333557,3.8146971692576415e-10,-1.2359619177004788e-06
460.9121256800595,0.0,500.0,0.0,539,10780000,40,0.01399901881814003,4.398427963256836,8.439999999999948e-05,1.1472046580853736,3639.016448673321,-0.25798706448381875,51.88351321220398,32.824341773986816,84.70785617828369,-4.482269222449986e-09,-1.5136719184738467e-06
457.55852546565677,0.0,500.0,0.0,540,10800000,40,0.008727232925593853,4.397895812988281,8.399999999999948e-05,1.6317769550878531,3548.8222680741815,-0.2973706452021743,51.11151170730591,32.26456642150879,83.37607908248901,-4.577636936176077e-09,-5.37109372089617e-07
462.58795015700287,0.0,500.0,0.0,541,10820000,40,0.00993182323873043,4.397363185882568,8.359999999999948e-05,1.6090765680477117,2515.506178648153,-0.2263739234239907,51.62515091896057,34.491615295410156,86.11676740646362,-1.0681151962899094e-08,0.0
450.49698548579363,0.0,500.0,0.0,542,10840000,40,0.010731169022619724,4.396830081939697,8.319999999999949e-05,3.04251591020329,3559.4013759248573,-0.39908777085032054,52.49196815490723,37.158363580703735,89.6503336429596,5.149841442175784e-09,-4.39453117451194e-07
452.905638920446,0.0,500.0,0.0,543,10860000,40,0.011899960227310658,4.39629602432251,8.279999999999949e-05,1.8293762037423766,4379.032665432486,-0.4363221035356734,55.05717086791992,36.22362780570984,91.28080105781555,-4.1961669694501325e-09,-2.3193359766082722e-07
472.17461272176826,0.0,500.0,0.0,544,10880000,40,0.00793665274977684,4.395761489868164,8.23999999999995e-05,2.2261046827314006,4924.463410551229,-0.28206858032495735,51.79084396362305,33.83284568786621,85.62369060516357,4.577636936176077e-09,-2.807617249800387e-07
468.19822232731565,0.0,500.0,0.0,545,10900000,40,0.009553521871566772,4.395226001739502,8.19999999999995e-05,2.240162751486727,3980.6678340741782,-0.30691541260001576,51.54590392112732,35.56866693496704,87.11457180976868,5.531310964812519e-09,-2.0751953400122147e-07
453.4345228469494,0.0,500.0,0.0,546,10920000,40,0.008477793075144291,4.394690036773682,8.15999999999995e-05,1.6261604386625017,2350.732714503586,-0.25798053461227827,54.157137870788574,38.45633912086487,92.61347913742065,-7.295608561719291e-09,2.4414063659605745e-07
453.6696165496208,0.0,500.0,0.0,547,10940000,40,0.0085603604093194,4.394153594970703,8.119999999999951e-05,1.8277940589151564,4052.7825300374607,-0.2710224503781765,52.68534016609192,34.70829796791077,87.39363980293274,-2.8610229740877458e-09,-2.19726558725597e-07
455.9178653040003,0.0,500.0,0.0,548,10960000,40,0.008949042297899723,4.393616199493408,8.079999999999951e-05,1.1986170650952181,3520.0125313339718,-0.2040646058999619,51.864436626434326,36.425227642059326,88.28966617584229,5.340575981449547e-09,1.5869140668200998e-07
464.744394987826,0.0,500.0,0.0,549,10980000,40,0.00968345906585455,4.393078327178955,8.039999999999951e-05,1.3138044163394886,2997.131048642298,-0.2908822940448952,51.45108437538147,34.751036643981934,86.2021222114563,-5.722046170220096e-10,4.1503906800244295e-07
468.87404625913115,0.0,500.0,0.0,550,11000000,40,0.009671779349446297,4.392539978027344,7.999999999999952e-05,1.3829147316183255,1727.1634565219758,-0.26065990966240504,51.794957399368286,32.23677730560303,84.03173685073853,-7.820129432900558e-09,-9.765624753299562e-08
126.99930295683725,9524.72875,500.0,0.0,551,11020000,1,0.024014227092266083,4.411727428436279,7.959999999999952e-05,198.66229116840728,411453.55205015925,5.893425704567296,55.57569098472595,0.7965052127838135,56.37219738960266,-1.6212464259979242e-08,1.4648437627329258e-06
15.746211617853072,13914.25625,500.0,0.0,552,11040000,33,0.020626841112971306,4.454269886016846,7.919999999999953e-05,57.759650438408485,131484.07938495599,-7.635196272044356,56.36593008041382,26.428858280181885,82.7947895526886,-6.446838085594209e-08,-3.3593751140870154e-05
14.294605731570673,13327.37125,500.0,0.0,553,11060000,40,0.014603317715227604,4.514173984527588,7.879999999999953e-05,25.9573290242511,345110.2998451184,-6.2311242630527275,56.821927547454834,31.651142358779907,88.47307085990906,7.619857456120371e-08,-2.3925781533762347e-06
19.02191070106795,15459.55,500.0,0.0,554,11080000,40,0.014606178738176823,4.590086936950684,7.839999999999953e-05,21.9522798235629,579182.9599976364,-7.544039852717879,55.71942472457886,37.017794609069824,92.73722052574158,1.0681151962899094e-08,-2.6855468604480848e-05
16.47299987337674,9321.62125,500.0,0.0,555,11100000,40,0.012234740890562534,4.672018051147461,7.799999999999954e-05,5.957408157693353,195207.92855325688,-5.274913209259131,55.57596516609192,34.164490699768066,89.7404568195343,3.051757957450718e-08,-3.6132812510913936e-06
19.08045082088473,10261.645,500.0,0.0,556,11120000,40,0.012585424818098545,4.760065078735352,7.759999999999954e-05,7.4733517816871595,457419.3188072253,-6.546902555094403,55.65050196647644,35.60109281539917,91.25159549713135,-1.7070769686711174e-08,6.10351571594947e-06
17.79221567203152,10363.028750000001,500.0,0.0,557,11140000,40,0.011801520362496376,4.853282451629639,7.719999999999955e-05,4.088905861916816,160487.38802249203,-3.9712670899975073,55.49065685272217,34.957082748413086,90.44774031639099,3.3092497631059814e-08,2.441406195430318e-06
16.253068557290486,13907.135,500.0,0.0,558,11160000,40,0.019792670384049416,4.954094886779785,7.679999999999955e-05,3.306213370516042,493039.80603975913,-5.888585304568528,53.98711585998535,33.69504976272583,87.68216705322266,1.8978118632162477e-08,-3.1445313652511686e-05
14.13273100190376,9189.922499999999,500.0,0.0,559,11180000,40,0.0119380047544837,5.056593418121338,7.639999999999955e-05,3.151771720304231,274733.59225032345,-5.271236871553075,55.21290636062622,33.409472942352295,88.62238025665283,4.014968979504374e-08,4.394531060825102e-06
18.93941120881822,5421.25625,500.0,0.0,560,11200000,40,0.012794552370905876,5.156182765960693,7.599999999999956e-05,2.954298588462696,147833.7061346941,-3.6680705043920288,55.36997199058533,36.827250719070435,92.1972234249115,-2.174377478070255e-08,-1.4648437627329258e-06
14.479096717023793,13960.475,500.0,0.0,561,11220000,40,0.012138105928897858,5.261784553527832,7.559999999999956e-05,3.66627145377314,479447.21906598326,-6.0634237793220835,55.01266121864319,34.53048539161682,89.5431478023529,-1.6212463593845428e-09,-1.9531249563442543e-05
13.952934232187369,16554.7975,500.0,0.0,562,11240000,40,0.015624920837581158,5.374027729034424,7.519999999999956e-05,2.4545326682697435,457676.84986066876,-5.64382512309369,54.75387716293335,36.4571373462677,91.21101570129395,6.675719976811934e-10,1.2695312761934474e-05
17.27871572092468,7802.748749999999,500.0,0.0,563,11260000,40,0.012232650071382523,5.484280109405518,7.479999999999957e-05,2.1633608756266582,220519.84753340218,-4.460606284752773,55.1273078918457,33.995723247528076,89.12303233146667,-2.4604798198879507e-08,-3.955078227591002e-06
20.062327255435,13686.74625,500.0,0.0,564,11280000,40,0.012598816305398941,5.5978803634643555,7.439999999999957e-05,3.172804685800698,460355.73140425957,-6.476941987777212,56.775357246398926,34.620662212371826,91.39602017402649,8.583068700218632e-10,4.687500222644303e-06
13.480716800427885,11672.401249999999,500.0,0.0,565,11300000,40,0.011616400443017483,5.712521553039551,7.399999999999958e-05,2.0179051628348175,446842.09946009156,-5.209523200419299,58.42877793312073,32.5924859046936,91.02126550674438,3.1471252270875993e-09,-6.347656380967237e-06
19.346886863624867,11893.095,500.0,0.0,566,11320000,40,0.015573549084365368,5.82806396484375,7.359999999999958e-05,1.9736116435687254,512246.54023795156,-6.1028200219391255,56.53513550758362,32.70118522644043,89.23632168769836,1.6689301052252858e-09,-2.3144531951402314e-05
17.931593769568714,8285.79125,500.0,0.0,567,11340000,40,0.01324110571295023,5.94109582901001,7.319999999999958e-05,1.55976577799791,233805.33322613954,-4.769625436405468,59.35685729980469,31.317119598388672,90.67397904396057,-3.337859988405967e-10,1.8554687812866177e-06
16.002859204938158,6990.432500000001,500.0,0.0,568,11360000,40,0.010063194669783115,6.050583839416504,7.279999999999959e-05,0.9231187364905123,183021.2307148344,-3.8899450548325376,58.22740983963013,31.9007625579834,90.12817335128784,-2.4318695945879654e-09,-1.904296823340701e-06
16.379847271553555,10742.571249999999,500.0,0.0,569,11380000,40,0.01397951040416956,6.160292625427246,7.239999999999959e-05,1.3666459216528637,344510.7735507066,-6.144205656647682,58.74223303794861,32.46961569786072,91.21184992790222,-6.246566819356758e-09,2.3437501113221515e-06
14.825867170466083,10073.29625,500.0,0.0,570,11400000,40,0.010680997744202614,6.269488334655762,7.19999999999996e-05,1.185992796581452,273394.6981799861,-5.015122703211323,58.83594584465027,31.818389177322388,90.65433621406555,9.536743617033494e-10,7.812500371073838e-06
16.307864836130438,9256.564999999999,500.0,0.0,571,11420000,40,0.010945715941488743,6.377405166625977,7.15999999999996e-05,1.1515384477509814,332133.51620782743,-5.3082011700625635,58.437732458114624,31.855371475219727,90.29310584068298,2.088546757761378e-08,8.886719115253072e-06
17.039130748874236,11620.25,500.0,0.0,572,11440000,40,0.009869725443422794,6.486095428466797,7.11999999999996e-05,1.0351255678447189,317581.13139057526,-3.8960068569251685,58.28099346160889,31.931152820587158,90.21214747428894,7.057189943537878e-09,2.4414061883248905e-08
21.830163374964172,12744.5075,500.0,0.0,573,11460000,40,0.01046068500727415,6.596194744110107,7.07999999999996e-05,0.9253452818437367,395255.81679189886,-4.362400725275088,56.260459184646606,31.275455236434937,87.53591537475586,-9.393692046444357e-09,1.0058593943540473e-05
22.597055482444105,13734.63625,500.0,0.0,574,11480000,40,0.009690281003713608,6.7080817222595215,7.039999999999961e-05,1.0097654332163608,369983.23654209793,-6.176741011355333,60.50287938117981,32.40566658973694,92.90854716300964,5.531310964812519e-09,1.3427734302240424e-05
17.580202686402945,10474.242499999998,500.0,0.0,575,11500000,40,0.010142125189304352,6.818857192993164,6.999999999999961e-05,0.8510942381136357,209158.47764604897,-4.676135269832459,57.82400298118591,31.57092046737671,89.39492440223694,-6.103515470812226e-09,-9.521484116703505e-07
14.132483045660084,8168.547500000001,500.0,0.0,576,11520000,40,0.00974439736455679,6.926619529724121,6.959999999999962e-05,0.9413668145989157,272005.5577739351,-5.044346957411736,58.407126903533936,31.876816511154175,90.283944606781,9.441375681262798e-09,2.1118163203937e-05
17.59499651451887,8827.62125,500.0,0.0,577,11540000,40,0.009935355745255947,7.0322089195251465,6.919999999999962e-05,0.7678328318865436,203685.76961973155,-4.638631759650388,56.23955774307251,32.68454194068909,88.92410087585449,-4.386901952813105e-09,-5.273437636788003e-06
15.458162924182153,8186.8925,500.0,0.0,578,11560000,40,0.011766701936721802,7.135250568389893,6.879999999999963e-05,0.6194592871815915,262881.5774264779,-5.365793552880834,59.02986264228821,33.843358755111694,92.87322235107422,-2.8610229740877458e-09,1.3281250176078174e-05
15.419161265910963,16492.328749999997,500.0,0.0,579,11580000,40,0.009755916893482208,7.24229097366333,6.839999999999963e-05,0.6018161225755503,466314.66576059913,-5.1737942740795715,57.98609519004822,33.478856325149536,91.46495223045349,5.054473728449693e-09,9.912109817378223e-06
18.66091935741552,8529.215,500.0,0.0,580,11600000,40,0.010635697282850742,7.346676826477051,6.799999999999963e-05,0.6127798691724137,188587.75740570264,-3.8971592157889323,58.78346061706543,32.62031817436218,91.40377998352051,-1.478195232884616e-09,-4.0039062696450856e-06
15.998081275613828,11515.68625,500.0,0.0,581,11620000,40,0.012435716576874256,7.45103120803833,6.759999999999964e-05,0.5281831807012012,348223.2711198746,-5.768089558383462,58.02390766143799,32.816930532455444,90.84083890914917,2.3365020140886372e-08,-2.0996094463043846e-06
25.289947762914018,12776.9,500.0,0.0,582,11640000,40,0.013774706982076168,7.556187629699707,6.719999999999964e-05,0.6263148248148193,360239.7773126493,-6.918771880276643,57.200995683670044,33.827444076538086,91.02844071388245,-6.675719976811934e-10,7.519531209254637e-06
26.853725409596326,9206.696249999999,500.0,0.0,583,11660000,40,0.01218513771891594,7.659200668334961,6.679999999999965e-05,6.6824092598240465,190790.90857944367,-4.928240563345563,58.88150501251221,34.10846519470215,92.98997116088867,-9.059906158626063e-10,5.419921762950253e-06
23.2857012161632,12039.85375,500.0,0.0,584,11680000,40,0.011164680123329163,7.762427806854248,6.639999999999965e-05,2.7078453857807596,337727.89814577525,-5.076631418610834,58.67511057853699,32.803810834884644,91.47892236709595,3.3378602104505717e-09,-7.421875125146471e-06
14.4345753408235,10694.278750000001,500.0,0.0,585,11700000,40,0.01108434796333313,7.864729881286621,6.599999999999965e-05,2.753410175101013,290643.1356257153,-5.497445593650934,59.60185503959656,32.77246403694153,92.3743200302124,2.6702879907247734e-09,-2.148437488358468e-06
15.85686677287708,11418.2575,500.0,0.0,586,11720000,40,0.009665323421359062,7.9666748046875,6.559999999999966e-05,2.7360453255711845,377053.3713372686,-4.821649105533672,55.9537034034729,33.44642782211304,89.40013194084167,-9.536742923144104e-11,8.959960723586846e-06
18.8185938380067,13484.986249999998,500.0,0.0,587,11740000,40,0.010044217109680176,8.069695472717285,6.519999999999966e-05,2.274269138029806,410302.9234300358,-5.537111141613335,57.44132161140442,34.68534326553345,92.1266667842865,6.866454960174906e-09,1.7773438230506144e-05
16.27518756822166,13485.60625,500.0,0.0,588,11760000,40,0.009625736624002457,8.173532485961914,6.479999999999966e-05,2.006926095713476,217949.9235765202,-5.239312613987998,57.579421520233154,37.90108513832092,95.4805076122284,8.440017573718706e-09,-2.4414063659605745e-07
13.428623585985582,9209.630000000001,500.0,0.0,589,11780000,40,0.010315556079149246,8.274873733520508,6.439999999999967e-05,1.8588535588448214,307537.6515662321,-4.193735264431519,55.64292502403259,35.452282190322876,91.09520816802979,-1.0013580187262505e-08,6.54296854918357e-06
13.671589915837842,13108.992499999998,500.0,0.0,590,11800000,36,0.020185178145766258,8.376776695251465,6.399999999999967e-05,1.458679395122091,293031.29725373763,-5.700099577147827,57.96177411079407,30.8427791595459,88.80455422401428,5.722046170220096e-10,-2.0996094463043846e-06
14.87625304203203,11793.6,500.0,0.0,591,11820000,40,0.009987622499465942,8.478147506713867,6.359999999999968e-05,1.5435306513954878,357959.37891620223,-6.09844329563106,58.71951985359192,37.40927076339722,96.12879180908203,-5.912780931538464e-09,-5.468749805004336e-06
14.928223596975181,14154.70875,500.0,0.0,592,11840000,40,0.009397643618285656,8.580574035644531,6.319999999999968e-05,1.1225105879270727,367425.489367287,-5.742724938016789,56.29517364501953,33.90839743614197,90.20357179641724,6.38961772381208e-09,1.56249996052793e-06
18.142172525784932,15182.640000000003,500.0,0.0,593,11860000,40,0.011630899272859097,8.684467315673828,6.279999999999968e-05,0.9160286777385861,424058.3127083748,-6.099351543396901,59.77667236328125,33.976943016052246,93.75361657142639,-2.479553229406406e-09,1.220703143189894e-05
15.406720898293733,15249.819999999998,500.0,0.0,594,11880000,40,0.008661401458084583,8.789546012878418,6.239999999999969e-05,0.7688789855665082,363016.69470417,-4.346999268414109,57.013819217681885,32.77811670303345,89.79193687438965,-1.273155181280572e-08,-4.931640432914719e-06
19.303419031094855,8779.075,500.0,0.0,595,11900000,40,0.012357080355286598,8.89117431640625,6.199999999999969e-05,0.9102132842798901,181014.97576943174,-5.425706136929001,55.96598982810974,35.65896797180176,91.6249589920044,-1.039505015398845e-08,1.5869140952418093e-06
16.67379893770501,13512.709999999997,500.0,0.0,596,11920000,40,0.00975570548325777,8.992949485778809,6.15999999999997e-05,0.7979678699023025,274348.44898673863,-4.530652792932122,54.97411060333252,37.19614243507385,92.17025423049927,2.2888184680880386e-09,-2.5634764710957825e-07
13.940716583449376,12016.4225,500.0,0.0,597,11940000,40,0.008892452344298363,9.093768119812012,6.11999999999997e-05,0.9355974491851725,252238.5598228503,-3.735758764197113,56.4635648727417,34.64505481719971,91.1086220741272,1.7166137400437265e-09,-6.24999984211172e-06
19.804920098519055,9339.0625,500.0,0.0,598,11960000,40,0.009360771626234055,9.191821098327637,6.07999999999997e-05,0.8233130663301155,207956.95140108728,-4.088392536085882,56.181005239486694,36.00299429893494,92.1840009689331,4.4345855876315454e-09,-7.031249879219104e-06
17.073286061687618,12854.787499999999,500.0,0.0,599,11980000,40,0.010237632319331169,9.289767265319824,6.0399999999999706e-05,0.6800861463330354,196610.6249166501,-4.734816914417181,57.320619344711304,31.95127296447754,89.27189326286316,1.3494491746257609e-08,-6.640625088039087e-06
15.02353829875646,10917.522500000001,500.0,0.0,600,12000000,40,0.008980482816696167,9.38624382019043,5.99999999999997e-05,0.663603271842952,153554.97291376392,-4.278007262034022,56.090659856796265,32.26342558860779,88.354088306427,-1.3828277412031298e-09,-8.496093869325705e-06
299.4647689728253,888.9125,500.0,0.0,601,12020000,40,0.007564750500023365,9.473873138427734,5.95999999999997e-05,2.7675653661322444,113684.19386087406,-3.750851784428214,53.29815912246704,32.47847247123718,85.77663254737854,5.4740905142125484e-08,-1.396484367433004e-05
391.0968630151826,0.0,500.0,0.0,602,12040000,40,0.008917166851460934,9.55280590057373,5.9199999999999704e-05,4.989518163310494,127641.02509687873,-2.6099112323325153,55.50283765792847,33.14587330818176,88.64871191978455,4.749298199158147e-08,1.4550781088473741e-05
434.57715929199173,0.0,500.0,0.0,603,12060000,40,0.007167889270931482,9.623903274536133,5.87999999999997e-05,9.434103912115097,104130.7989534609,-2.181269549165562,53.62754034996033,32.57329702377319,86.20083904266357,-1.0004043815570185e-07,-3.4472657716833055e-05
409.28240921301824,0.0,500.0,0.0,604,12080000,40,0.007178422529250383,9.687941551208496,5.8399999999999705e-05,7.525448653272762,91599.25512026648,-2.1191432132462786,52.74433946609497,33.12361216545105,85.8679530620575,-1.1758804419059743e-07,-1.367187451251084e-06
386.70398453946217,0.0,500.0,0.0,605,12100000,40,0.007750535383820534,9.74561882019043,5.79999999999997e-05,8.134022463658813,57323.134152085615,-1.4768602492940275,56.35629177093506,33.13158679008484,89.48788046836853,4.0245055288323783e-08,4.687500222644303e-06
377.36873225653005,0.0,500.0,0.0,606,12120000,40,0.008443733677268028,9.797564506530762,5.7599999999999706e-05,7.916489745306361,68031.75798503123,-1.6431770301453628,53.61992788314819,32.51068305969238,86.13061428070068,2.3365020140886372e-08,2.089843837893568e-05
406.41183638967374,0.0,500.0,0.0,607,12140000,40,0.008596772328019142,9.84434700012207,5.719999999999971e-05,5.813127753499208,54596.264309672944,-1.8126685907791376,55.44081211090088,34.99798607826233,90.43879985809326,-1.1308193137438138e-07,-5.126953055878403e-06
380.09073858899876,0.0,500.0,0.0,608,12160000,40,0.008224830962717533,9.886476516723633,5.6799999999999714e-05,5.917285598444331,71979.64323761569,-1.799632844518704,51.38314080238342,32.40854263305664,83.79168462753296,-5.512237422067301e-08,-3.2226562325377017e-06
431.34261056006727,0.0,500.0,0.0,609,12180000,40,0.007693205028772354,9.924413681030273,5.639999999999972e-05,15.086264721033679,72407.53106588376,-1.664905918270919,50.63794684410095,31.822363138198853,82.46031093597412,-3.290176353587526e-09,-4.052734311699169e-06
424.9988111640667,0.0,500.0,0.0,610,12200000,40,0.008964643813669682,9.958574295043945,5.599999999999972e-05,6.002214892996345,66139.48027437052,-1.9062949475778896,54.12806272506714,33.7954466342926,87.92351031303406,-4.959106547630654e-08,-2.5390625069121597e-06
411.1299871111772,0.0,500.0,0.0,611,12220000,40,0.008888672105967999,9.98933219909668,5.5599999999999725e-05,8.509432697561897,58679.7221507856,-1.7506078015467164,49.922388553619385,32.359015464782715,82.28140497207642,4.6730040281772744e-08,-2.2460937998403097e-06
383.5145317096968,0.0,500.0,0.0,612,12240000,40,0.008689249865710735,10.017023086547852,5.519999999999973e-05,6.077211891731639,45779.631732061105,-1.5620637456987314,49.39613723754883,33.930840253829956,83.32697820663452,-1.2493133638713516e-08,-1.8066406255456968e-06
408.4605634344615,0.0,500.0,0.0,613,12260000,40,0.007732480764389038,10.041952133178711,5.4799999999999726e-05,19.91483451967027,51839.93753514381,-1.4938582033915504,51.96172571182251,32.86641192436218,84.82813906669617,1.506805347162299e-08,2.978515567519935e-06
362.99191522273395,0.0,500.0,0.0,614,12280000,40,0.007339613512158394,10.064391136169434,5.439999999999973e-05,7.569472091365013,46176.959109555384,-1.4744875816924936,50.85242962837219,32.594236850738525,83.44666743278503,3.7288664600509946e-08,1.4648437627329258e-06
403.1596624678717,0.0,500.0,0.0,615,12300000,40,0.009498795494437218,10.084588050842285,5.3999999999999734e-05,6.428096176560517,35088.695390796056,-1.417370407273815,49.98244571685791,32.223278522491455,82.20572543144226,-4.76837147544984e-09,3.515624939609552e-06
391.2371992558159,0.0,500.0,0.0,616,12320000,40,0.007758654188364744,10.102764129638672,5.359999999999974e-05,10.212546455974032,50306.9104883279,-1.432956476139415,52.16685628890991,33.94595503807068,86.11281251907349,-2.250671471415444e-08,-2.050781176876626e-06
402.6946729174082,0.0,500.0,0.0,617,12340000,40,0.00722519913688302,10.119119644165039,5.319999999999974e-05,13.948353900233652,58455.76604408216,-1.435448951221955,49.767757177352905,31.8997323513031,81.6674907207489,1.525878978725359e-08,-9.765624753299562e-08
402.95151242224284,0.0,500.0,0.0,618,12360000,40,0.009559051133692265,10.133834838867188,5.279999999999974e-05,6.223543976522555,58862.3862173287,-1.7086232836411637,51.563392162323,33.41384148597717,84.97723460197449,-9.53674295089968e-09,9.765624753299562e-08
392.7467891237226,0.0,500.0,0.0,619,12380000,40,0.009088256396353245,10.147071838378906,5.239999999999974e-05,5.0539593586496485,50874.37147862137,-1.440891678394026,50.13797950744629,32.97549843788147,83.11347913742065,3.2424927187690855e-09,3.6132812510913936e-06
380.3234488676495,0.0,500.0,0.0,620,12400000,40,0.008476023562252522,10.158977508544922,5.1999999999999746e-05,7.159190184447416,51665.950368154736,-1.5692380340615655,49.6185564994812,33.29264307022095,82.9112012386322,-8.106232129989621e-09,2.0996094463043846e-06
402.6346636851626,0.0,500.0,0.0,621,12420000,40,0.009956669062376022,10.169682502746582,5.159999999999975e-05,6.117487369980782,49784.85028138373,-1.268942999754362,49.16972374916077,33.02341651916504,82.19314122200012,3.9577483512687195e-09,-2.148437488358468e-06
402.4626236990695,0.0,500.0,0.0,622,12440000,40,0.00746608292683959,10.179306983947754,5.1199999999999754e-05,6.165937327921011,78133.38445073024,-1.8951725059633802,49.99360537528992,38.54408288002014,88.53769111633301,1.7166137400437265e-09,-9.765624753299562e-08
381.08277543502487,0.0,500.0,0.0,623,12460000,40,0.007745794486254454,10.187956809997559,5.079999999999976e-05,4.3763112198395335,88150.8895964993,-1.479281588776666,50.58750009536743,32.21484088897705,82.8023419380188,2.3841859042583735e-10,2.3437501113221515e-06
361.7246811187603,0.0,500.0,0.0,624,12480000,40,0.0076617528684437275,10.19572925567627,5.039999999999976e-05,3.5043891153138156,58480.2918012291,-1.4616409508001273,51.4460232257843,35.974689245224,87.42071485519409,-3.6239624634504253e-09,2.3437501113221515e-06
428.4732276053493,0.0,500.0,0.0,625,12500000,40,0.00830480083823204,10.20271110534668,4.9999999999999765e-05,6.434623899923008,62181.81061972843,-1.613846309008492,51.11381387710571,33.668292760849,84.78210806846619,6.103515470812226e-09,1.4648437627329258e-06
421.50822935724864,0.0,500.0,0.0,626,12520000,40,0.007271405775099993,10.208980560302734,4.959999999999977e-05,6.393777410581613,65133.31877472507,-1.5593883554884203,49.652276277542114,34.85945725440979,84.5117347240448,2.717971847587819e-09,-2.441406195430318e-06
389.22986609656755,0.0,500.0,0.0,627,12540000,40,0.008439730852842331,10.214608192443848,4.919999999999977e-05,6.272263336219606,62607.195353241936,-1.8756102544676727,52.66000723838806,31.97960638999939,84.63961601257324,2.479553229406406e-09,-5.37109372089617e-07
390.33854125298586,0.0,500.0,0.0,628,12560000,40,0.007926924154162407,10.219656944274902,4.879999999999977e-05,6.527982892883811,65141.25426250871,-1.820959126275436,49.63517904281616,32.452040672302246,82.0872209072113,1.039505015398845e-08,9.765624753299562e-08
380.59186142130704,0.0,500.0,0.0,629,12580000,40,0.008176155388355255,10.2241849899292,4.8399999999999774e-05,5.154786153697664,55973.687120960014,-1.5999183699773376,49.467045307159424,33.39137291908264,82.85841965675354,4.1961669694501325e-09,-1.074218744179234e-06
365.9838237251325,0.0,500.0,0.0,630,12600000,40,0.007569123990833759,10.228242874145508,4.799999999999978e-05,5.264068765663038,72507.66027186692,-1.642234552836722,50.134506702423096,33.293315172195435,83.42782282829285,8.201599399626502e-09,-2.734374902502168e-06
426.14583236220733,0.0,500.0,0.0,631,12620000,40,0.007585073821246624,10.231878280639648,4.759999999999978e-05,6.654708079889322,55641.050731644355,-1.4653257207885668,50.342594385147095,33.60887813568115,83.95147347450256,-1.7642974858844696e-09,-5.859375278305379e-07
384.74859541123647,0.0,500.0,0.0,632,12640000,40,0.008198542520403862,10.235132217407227,4.7199999999999785e-05,6.831415694230681,87037.17950999265,-1.5688687024697376,50.151705265045166,34.59724283218384,84.7489492893219,1.00135799652179e-09,5.859375278305379e-07
394.38303587248373,0.0,500.0,0.0,633,12660000,40,0.00789634045213461,10.238042831420898,4.679999999999979e-05,4.416816241991747,51546.121404834914,-1.5918400439676965,49.03727126121521,35.259451150894165,84.29672431945801,-9.727478378351861e-09,-6.83593725625542e-07
416.4581351635864,0.0,500.0,0.0,634,12680000,40,0.008979164995253086,10.240643501281738,4.639999999999979e-05,7.124013100877689,57165.02503218924,-1.617847376302549,51.88375473022461,34.58604979515076,86.46980619430542,2.861023085110048e-10,1.9531249506599124e-07
402.61308530277,0.0,500.0,0.0,635,12700000,40,0.007767186034470797,10.242965698242188,4.59999999999998e-05,6.987969546826782,55269.92907940324,-1.372548199938551,49.72842001914978,32.707788705825806,82.4362096786499,-2.872943882792356e-09,-9.765624753299562e-08
429.4676299657137,0.0,500.0,0.0,636,12720000,40,0.007439833600074053,10.245036125183105,4.55999999999998e-05,5.978763616312841,51493.35716731563,-1.387529259806226,49.49674105644226,38.08878827095032,87.58553051948547,-5.817413217812373e-09,2.8808594834117685e-06
394.85960849697943,0.0,500.0,0.0,637,12740000,40,0.006955938879400492,10.246880531311035,4.5199999999999804e-05,7.789587031352292,48414.08952286836,-1.5776402330987014,48.70079445838928,35.00971555709839,83.71051120758057,-4.673004205812958e-09,-1.367187451251084e-06
405.0881262484596,0.0,500.0,0.0,638,12760000,40,0.00799340009689331,10.248520851135254,4.479999999999981e-05,7.240775538857576,58509.79867783079,-1.6184822150191684,48.895390033721924,36.110262632369995,85.00565361976624,1.907348723406699e-09,-2.3925781533762347e-06
355.9510434824558,0.0,500.0,0.0,639,12780000,40,0.008265569806098938,10.249977111816406,4.439999999999981e-05,3.6623139333573116,64541.11396002314,-1.547337948279396,51.04154896736145,32.99061822891235,84.03216862678528,1.239776614703203e-09,1.074218744179234e-06
390.7732730432828,0.0,500.0,0.0,640,12800000,40,0.008410687558352947,10.25126838684082,4.3999999999999816e-05,5.791649804031773,56973.26591827976,-1.4827156469937723,49.53419065475464,33.687769412994385,83.22196173667908,-2.6702879907247734e-09,3.662109293145477e-06
428.1522639707222,0.0,500.0,0.0,641,12820000,40,0.0075907171703875065,10.252409934997559,4.359999999999982e-05,6.162759936804984,49598.593588742784,-1.1461305754294822,49.910624980926514,35.87910032272339,85.78972721099854,4.529952857268427e-09,-3.0273438369476935e-06
415.20201061170644,0.0,500.0,0.0,642,12840000,40,0.00971082504838705,10.253417015075684,4.3199999999999824e-05,9.951786788329956,58259.07471737224,-1.2870736646709169,50.21266412734985,34.160866260528564,84.37353157997131,-1.0108947456899386e-08,-3.906249901319825e-07
398.2590595118974,0.0,500.0,0.0,643,12860000,40,0.00808077584952116,10.254302978515625,4.279999999999982e-05,6.498594489295012,43010.48408770713,-1.3582785124374424,49.20209312438965,35.050657987594604,84.25275182723999,-1.4305114870438729e-09,1.4648437627329258e-06
424.43955853530423,0.0,500.0,0.0,644,12880000,40,0.007755915634334087,10.255080223083496,4.2399999999999824e-05,5.177524896526033,55074.43878414859,-1.440494464299861,49.560226917266846,39.009761810302734,88.56999182701111,4.386901952813105e-09,8.78906234902388e-07
365.7621872447479,0.0,500.0,0.0,645,12900000,40,0.009135197848081589,10.255758285522461,4.199999999999983e-05,4.510892560869266,69431.15077728465,-1.4801672021864327,50.09487557411194,38.726075172424316,88.82095146179199,5.245208711812666e-10,1.4648437627329258e-06
375.97576259140453,0.0,500.0,0.0,646,12920000,40,0.007138343062251806,10.25634765625,4.159999999999983e-05,4.643812775725771,47944.60333671813,-1.3126123388315651,49.428488969802856,34.71989393234253,84.1483838558197,-7.152557435219364e-10,9.765625463842298e-07
431.6204900473127,0.0,500.0,0.0,647,12940000,40,0.008844015188515186,10.256857872009277,4.1199999999999836e-05,5.167645942253672,34725.3883178711,-1.319209569559735,49.78773212432861,38.3944993019104,88.18223261833191,-2.4318695945879654e-09,9.765625463842298e-07
406.59762742483133,0.0,500.0,0.0,648,12960000,40,0.007975460961461067,10.257295608520508,4.079999999999984e-05,4.725478689989466,43821.648189316285,-1.4508408036486358,52.44842982292175,39.021857261657715,91.47028851509094,-7.367134013946952e-09,-1.367187451251084e-06
417.25881917443667,0.0,500.0,0.0,649,12980000,40,0.008221831172704697,10.257668495178223,4.0399999999999844e-05,4.97652343204067,40791.39872479287,-1.7284347797465172,51.79291224479675,37.216718673706055,89.0096333026886,-3.8146971692576415e-10,-5.37109372089617e-07
396.82690373761517,0.0,500.0,0.0,650,13000000,40,0.0087196696549654,10.257983207702637,3.999999999999985e-05,6.749921778281023,47288.62969115433,-1.5188749799208277,49.59251046180725,34.4225959777832,84.01510834693909,2.9087066089061864e-09,2.4414063659605745e-07
110.34833821914704,0.0,500.0,0.0,651,13020000,40,0.00748785026371479,10.258244514465332,3.959999999999985e-05,5.504084897534862,33471.45726481638,-1.890436758537581,56.32740259170532,32.91371774673462,89.24112153053284,2.0647048515343158e-08,-8.203124707506504e-06
3.878021844523355,1239.275,500.0,0.0,652,13040000,40,0.009545017965137959,10.259531021118164,3.9199999999999855e-05,8.405622507090781,49075.89898417285,-2.46655451264351,54.867138147354126,36.49376583099365,91.36090517044067,2.2249221842685074e-07,-8.496093869325705e-06
3.6688432896535437,0.0,500.0,0.0,653,13060000,40,0.006420615594834089,10.260668754577637,3.879999999999986e-05,5.045786923739561,35234.04651392068,-1.5912552625795078,54.79312825202942,35.00479531288147,89.7979245185852,9.32693495769854e-08,5.419921762950253e-06
3.1594222214061576,0.0,500.0,0.0,654,13080000,40,0.007723426911979914,10.261672019958496,3.839999999999986e-05,4.987200721358038,45319.860955071905,-1.5076823958783012,56.90475559234619,35.26534700393677,92.17010354995728,-4.138946607668004e-08,-3.906249901319825e-07
3.4022239039556426,13.45,500.0,0.0,655,13100000,40,0.008018813095986843,10.262565612792969,3.7999999999999867e-05,5.897695402734598,37989.43650329979,-1.6638736928771636,55.73172926902771,34.86456036567688,90.59629154205322,-1.4247893886931706e-07,2.9296875254658516e-06
3.424086143240681,2469.57875,500.0,0.0,656,13120000,40,0.008168166503310204,10.265494346618652,3.7599999999999864e-05,4.995481967337572,82834.36950030479,-2.729531825727718,54.46192288398743,39.90180277824402,94.36372637748718,-9.613037121880552e-08,3.41796862812771e-07
3.436190565656468,1052.94625,500.0,0.0,657,13140000,40,0.009551424533128738,10.269025802612305,3.719999999999987e-05,3.401671448824512,55342.61489071208,-1.877655456101249,53.677656173706055,33.06741285324097,86.74506974220276,-2.9220581154731917e-07,7.324218813664629e-07
3.4678231806837743,0.0,500.0,0.0,658,13160000,40,0.006222565192729235,10.272186279296875,3.679999999999987e-05,2.4436994237504948,34087.22302976961,-1.1558287913347505,54.136874198913574,33.174240827560425,87.3111162185669,2.4628638684021098e-08,-1.3183594091970008e-06
3.4922065518903858,0.0,500.0,0.0,659,13180000,40,0.007022436708211899,10.275012016296387,3.639999999999987e-05,2.500595574432118,33445.73544031617,-1.0146367749021312,55.00110912322998,35.01348090171814,90.01459217071533,6.990432410702851e-08,1.9531249506599124e-07
3.4293724711530658,237.81,500.0,0.0,660,13200000,40,0.006964545231312513,10.277743339538574,3.599999999999987e-05,1.9543307472755955,33655.28895706857,-1.4737138217374397,55.194360971450806,33.635597467422485,88.82995963096619,3.051757957450718e-08,4.2480469346628524e-06
3.7073206294086574,951.24,500.0,0.0,661,13220000,40,0.006422038190066814,10.281012535095215,3.5599999999999876e-05,1.994880830330454,35198.0083211911,-1.233315738513591,54.456024169921875,35.56164574623108,90.01767206192017,-1.1987685866188258e-07,4.443359557626536e-06
3.2323757311734505,0.0,500.0,0.0,662,13240000,40,0.00690311286598444,10.283935546875,3.519999999999987e-05,1.4862433494845773,22157.28254056311,-0.8536460525575716,55.8189435005188,38.65318536758423,94.47212958335876,-5.512237422067301e-08,-3.41796862812771e-07
3.8609642094865855,0.0,500.0,0.0,663,13260000,40,0.00727464584633708,10.286547660827637,3.479999999999988e-05,1.456367414373501,28758.44870811511,-0.9824799288040513,54.03524947166443,38.75123858451843,92.7864887714386,1.864433301079771e-07,7.324218813664629e-07
3.565070808225701,0.0,500.0,0.0,664,13280000,40,0.006767772138118744,10.288878440856934,3.439999999999988e-05,1.310794412463334,22788.82116081092,-0.9912434181874725,54.138184547424316,36.08405303955078,90.22223949432373,9.441375681262798e-08,-1.56249996052793e-06
3.91390630687537,0.0,500.0,0.0,665,13300000,40,0.007716007065027952,10.290956497192383,3.3999999999999885e-05,1.1530895696513972,18680.189260533814,-1.0297617763423237,53.70374417304993,35.353251218795776,89.05699682235718,-6.62565255993286e-08,6.591797045985004e-07
3.627057857665014,0.0,500.0,0.0,666,13320000,40,0.008878433145582676,10.292806625366211,3.359999999999989e-05,1.1018579027455324,22272.936384339544,-0.8912846542230457,54.21946048736572,40.12951922416687,94.34898066520691,1.770019508740006e-07,-4.39453117451194e-07
3.2974343545702722,0.0,500.0,0.0,667,13340000,40,0.008759292773902416,10.294451713562012,3.319999999999989e-05,0.9793216981515763,23250.767708748008,-1.084113756681134,55.386436223983765,39.2782940864563,94.66473269462585,-1.0156631446989195e-07,-1.025390588438313e-06
3.7649815956009336,0.0,500.0,0.0,668,13360000,40,0.008616563864052296,10.29591178894043,3.279999999999989e-05,0.9528954829285099,23627.155258742412,-1.0520677057705867,57.001285552978516,33.73042678833008,90.73171377182007,4.7683716530855236e-08,3.515624939609552e-06
3.7600452771657897,48.075,500.0,0.0,669,13380000,40,0.007758805062621832,10.297247886657715,3.239999999999989e-05,0.9292350521702676,28118.319469359572,-1.555195895995304,56.429596185684204,34.46835207939148,90.89795112609863,-8.351803160167037e-08,-8.78906234902388e-07
3.762581216915499,15.725,500.0,0.0,670,13400000,40,0.006589468568563461,10.298442840576172,3.199999999999989e-05,0.7997389204467937,15297.822651390514,-1.0158581199919343,54.25188899040222,34.93668603897095,89.18857622146606,-4.339218051541138e-08,1.5869140952418093e-06
3.3145996021662656,0.0,500.0,0.0,671,13420000,40,0.0069527472369372845,10.299497604370117,3.1599999999999894e-05,0.7627485286088506,24699.018853448757,-0.9949034819415041,54.954314947128296,35.81921982765198,90.77353572845459,-1.4114379887075756e-08,-1.4648438195763447e-07
3.497494269244721,0.0,500.0,0.0,672,13440000,40,0.006785594392567873,10.30042552947998,3.11999999999999e-05,0.7486872531995652,25430.833463010364,-1.2084615792865585,60.0446937084198,36.12155246734619,96.16624808311462,-9.32693495769854e-08,1.2695312534560799e-06
3.7291122669381087,0.0,500.0,0.0,673,13460000,40,0.007577081210911274,10.301239967346191,3.07999999999999e-05,0.6610623444721198,24781.664434697825,-0.901294923450347,55.5628981590271,34.2435188293457,89.80641841888428,-1.4305114426349519e-08,8.544922138753464e-07
3.5265893507762263,0.0,500.0,0.0,674,13480000,40,0.007987474091351032,10.30195140838623,3.0399999999999902e-05,0.5998838275196446,28999.984395370968,-1.179364594252436,55.26860284805298,35.05336403846741,90.3219678401947,-3.833770634287248e-08,-7.81249980263965e-07
3.558834031090059,0.49000000000000005,500.0,0.0,675,13500000,40,0.007650810293853283,10.302570343017578,2.9999999999999903e-05,0.5285780451100344,28060.573044464694,-1.2584705978347237,54.92427158355713,32.32199215888977,87.24626588821411,5.147457216025941e-08,2.441406195430318e-06
3.6260221617937654,0.7350000000000001,500.0,0.0,676,13520000,40,0.0065931580029428005,10.303106307983398,2.9599999999999903e-05,0.5210633393685529,37290.87113410318,-1.1994311285056887,57.65300703048706,33.50075340270996,91.15376257896423,-2.8991699707603402e-08,-1.1718750556610757e-06
3.219747802389572,0.0,500.0,0.0,677,13540000,40,0.006121572107076645,10.303566932678223,2.9199999999999903e-05,0.5352474292562266,35216.8670439702,-1.1497758113346093,54.896682024002075,33.55833387374878,88.45501780509949,5.149841442175784e-09,1.9531250927684596e-06
3.3912647799200784,0.0,500.0,0.0,678,13560000,40,0.007924593053758144,10.303959846496582,2.8799999999999904e-05,0.5000551011864167,34880.419931127464,-1.270418565378637,55.44749045372009,34.88554549217224,90.33303952217102,4.482269133632144e-08,9.765624753299562e-08
3.5019894217376084,0.0,500.0,0.0,679,13580000,40,0.006673626136034727,10.304291725158691,2.8399999999999908e-05,0.49890304530976687,31239.07928474572,-1.2811322618157241,56.7137176990509,34.358084201812744,91.0718035697937,-8.01086397217432e-09,-1.220703097715159e-06
3.5657617543588374,15.49375,500.0,0.0,680,13600000,40,0.007084736600518227,10.304582595825195,2.7999999999999908e-05,0.41739192990360746,29722.329625998333,-1.4935490591985405,55.319239139556885,32.03517532348633,87.35441517829895,2.07901003079769e-08,-1.367187451251084e-06
3.8001453561253435,46.48125,500.0,0.0,681,13620000,40,0.007369133178144693,10.304863929748535,2.7599999999999912e-05,0.5128643050600009,43624.528719023685,-1.1755936303193781,57.750303745269775,31.877904415130615,89.62820935249329,2.479553229406406e-09,-2.9296876391526894e-07
3.819973755714206,0.0,500.0,0.0,682,13640000,40,0.006855693180114031,10.305094718933105,2.7199999999999916e-05,0.6899918066468208,38134.676608218055,-1.0891814196506029,56.145278453826904,35.788652658462524,91.9339337348938,-3.433227480087453e-09,4.882812731921149e-07
3.2876445327642756,0.0,500.0,0.0,683,13660000,40,0.008480101823806763,10.305280685424805,2.679999999999992e-05,0.37181256230279897,43416.17411269656,-1.2231140415949426,57.690211057662964,32.90118598937988,90.5913987159729,-2.2220611128886958e-08,1.56249996052793e-06
4.0042659604603035,0.0,500.0,0.0,684,13680000,40,0.007748558651655912,10.305425643920898,2.639999999999992e-05,0.35007146343493917,47078.18350355792,-1.3038675434080658,55.76292443275452,35.10606908798218,90.86899542808533,-1.9073485846288207e-10,2.4414063659605745e-07
3.5550279059309586,0.0,500.0,0.0,685,13700000,40,0.005836170166730881,10.305533409118652,2.599999999999992e-05,0.2793918682392805,35134.00281399283,-0.976975263465362,58.55823564529419,34.316651344299316,92.8748881816864,2.9373168786150927e-08,2.294921841894393e-06
3.6457419959488946,0.0,500.0,0.0,686,13720000,40,0.0062662530690431595,10.305608749389648,2.5599999999999924e-05,0.20854817955357255,41693.83869349,-1.366403276890896,58.90165686607361,33.98119044303894,92.88284826278687,-5.197524899358541e-08,2.734374902502168e-06
3.565567599184196,0.0925,500.0,0.0,687,13740000,40,0.008131916634738445,10.30565357208252,2.5199999999999925e-05,0.1733580717116974,60765.78389208362,-1.5510249437752424,55.54600691795349,32.5583279132843,88.10433626174927,-8.544921570319275e-08,9.765624753299562e-08
3.841446894611219,189.19375,500.0,0.0,688,13760000,40,0.007872741669416428,10.305841445922852,2.479999999999993e-05,0.1307127332991096,46128.998633279014,-2.240517035753104,54.50328493118286,32.08930802345276,86.59259390830994,-3.986358620977626e-08,-4.882812731921149e-07
3.671320919148781,998.7137500000001,500.0,0.0,689,13780000,40,0.00732814846560359,10.306885719299316,2.439999999999993e-05,0.10142129568774609,70434.52308847221,-2.8532920300201248,55.39529466629028,32.64189314842224,88.037189245224,1.7213821479344915e-08,5.175781097932486e-06
3.7782732624954107,0.0,500.0,0.0,690,13800000,40,0.006775675807148218,10.307804107666016,2.399999999999993e-05,0.0765250949728878,55002.249668310855,-1.262901787184606,54.41969275474548,34.11682605743408,88.5365195274353,-4.863738922722405e-08,2.2460937998403097e-06
3.7662702800950023,0.0,500.0,0.0,691,13820000,40,0.007011772133409977,10.308609008789062,2.359999999999993e-05,0.05435533103337333,57607.311797590315,-1.5773327053921997,57.69420313835144,32.97668409347534,90.67088842391968,8.01086397217432e-09,4.882812731921149e-07
3.9407408102070804,0.0,500.0,0.0,692,13840000,40,0.006330945063382387,10.309311866760254,2.3199999999999934e-05,0.03769627240438987,60378.355499772966,-1.49030556599046,58.54599213600159,33.863561391830444,92.40955424308777,-7.629394893626795e-09,6.347656267280399e-07
3.846024747767396,0.0,500.0,0.0,693,13860000,40,0.005512576084583998,10.309922218322754,2.2799999999999934e-05,0.025416289476950647,54242.742560475344,-1.3808937689775873,56.30198907852173,35.68695831298828,91.9889485836029,-5.688667314984741e-08,1.757812469804776e-06
3.5845198192946754,0.0,500.0,0.0,694,13880000,40,0.007121395319700241,10.310449600219727,2.2399999999999935e-05,0.018789356471199517,67131.6495053431,-1.6109434905040796,55.70185923576355,33.55938410758972,89.26124453544617,-7.901191878545433e-08,-8.78906234902388e-07
3.4753033191070797,0.0,500.0,0.0,695,13900000,40,0.006784521508961916,10.310901641845703,2.1999999999999935e-05,0.01504770196650984,70737.37640404185,-1.5730138440990145,58.72486186027527,34.14768981933594,92.87255573272705,4.940033093703278e-08,1.9531249506599124e-07
3.3847691870166927,406.03499999999997,500.0,0.0,696,13920000,40,0.006896409671753645,10.311654090881348,2.1599999999999935e-05,0.013780350632858788,66113.07607297473,-1.6559653679846198,54.379334449768066,34.77973556518555,89.15907096862793,2.7656554379973386e-08,-1.1718750556610757e-06
3.999905299217076,174.015,500.0,0.0,697,13940000,40,0.007150976452976465,10.312466621398926,2.1199999999999936e-05,0.012191713357990857,49680.54259064304,-1.6447912796003044,54.1626935005188,33.03150153160095,87.19419598579407,8.201599399626502e-08,1.025390588438313e-06
3.9655746006110077,0.0,500.0,0.0,698,13960000,40,0.007462127599865198,10.313176155090332,2.0799999999999936e-05,0.010513321017093102,52918.11503424189,-1.7439995915741677,56.983864307403564,33.40385842323303,90.38772416114807,2.875328064533278e-08,3.906249901319825e-07
3.5955781095509765,0.0,500.0,0.0,699,13980000,40,0.00692284619435668,10.31379222869873,2.0399999999999937e-05,0.009285485171520145,43586.837155326306,-1.1415723728431257,53.415608644485474,32.41530108451843,85.83091044425964,-4.148483156996008e-08,2.6367188183940016e-06
3.5297849337291636,0.0,500.0,0.0,700,14000000,40,0.00674215005710721,10.314325332641602,1.9999999999999937e-05,0.008847459399951088,60708.05531161363,-1.611539508549461,54.75080871582031,35.11473274230957,89.86554217338562,-5.10215762972166e-08,2.9296876391526894e-07
5.706391488316844,0.0,500.0,0.0,701,14020000,40,0.006221633870154619,10.31478214263916,1.9599999999999938e-05,0.0054842427030730705,178314.5913277207,-2.170905529142945,57.618645668029785,34.28210139274597,91.90074849128723,1.8787384092888715e-08,1.3671875422005542e-05
6.5381885948044625,0.0,500.0,0.0,702,14040000,40,0.006433441303670406,10.315171241760254,1.9199999999999938e-05,0.004644996693853146,144900.4995838724,-2.3314183668346162,55.77148914337158,33.04153251647949,88.81302237510681,9.727478378351861e-09,-7.910156455182005e-06
6.459099793843888,0.0,500.0,0.0,703,14060000,40,0.005380185786634684,10.315499305725098,1.879999999999994e-05,0.00393741792019688,123169.5475390003,-1.5960083140119625,55.73473334312439,34.28851079940796,90.02324533462524,-8.201599399626502e-09,-2.734374902502168e-06
6.382584165757803,0.0,500.0,0.0,704,14080000,40,0.005692153703421354,10.31577205657959,1.839999999999994e-05,0.003904596825017576,66858.51214008695,-1.167834077523962,56.59511876106262,34.62200045585632,91.21712040901184,-4.577636936176077e-09,1.2109375347790774e-05
6.254104312760221,0.0,500.0,0.0,705,14100000,40,0.005297298543155193,10.315994262695312,1.799999999999994e-05,0.004026863499393295,64717.35957365583,-0.9454766119598963,55.60409116744995,34.10081434249878,89.70490646362305,1.0728836485895954e-08,2.0996094463043846e-06
6.0804464151499555,0.0,500.0,0.0,706,14120000,40,0.008445024490356445,10.316171646118164,1.759999999999994e-05,0.0038084904099725614,59605.94369720653,-1.0296861514923679,59.451823472976685,34.09034991264343,93.54217457771301,-7.2479249269008506e-09,-1.249999968422344e-05
6.285051935841233,0.0,500.0,0.0,707,14140000,40,0.006542454473674297,10.316308975219727,1.719999999999994e-05,0.004089022455195701,82680.23961764779,-1.150122595777747,57.24463248252869,33.946183919906616,91.19081735610962,1.0204315614714687e-08,4.394531060825102e-06
6.199974135646625,0.0,500.0,0.0,708,14160000,40,0.008304614573717117,10.316410064697266,1.679999999999994e-05,0.004264768646031938,73957.12767816045,-1.3180725257203079,55.01019740104675,35.32585644721985,90.33605527877808,2.8610229740877458e-09,-2.734374902502168e-06
6.305444389475417,0.0,500.0,0.0,709,14180000,40,0.0056040845811367035,10.31647777557373,1.639999999999994e-05,0.0041834979833424045,82584.658659217,-1.1952092394517486,59.287373542785645,33.25675058364868,92.5441255569458,3.7193297330873065e-09,-2.6367188183940016e-06
5.988057869498597,0.0,500.0,0.0,710,14200000,40,0.005508223548531532,10.316515922546387,1.599999999999994e-05,0.0039274224959933764,73781.1880551478,-1.2727046120627101,56.716755390167236,34.62610745429993,91.34286379814148,-2.38418573772492e-09,-9.765624753299562e-08
5.9544873176923625,0.0,500.0,0.0,711,14220000,40,0.004944286309182644,10.316527366638184,1.5599999999999942e-05,0.004020835340221763,68954.12169446034,-1.1896862025853174,56.42542791366577,33.02784729003906,89.45327663421631,-2.479553229406406e-09,-1.367187451251084e-06
6.358983040219362,0.0,500.0,0.0,712,14240000,40,0.004690630827099085,10.31651496887207,1.5199999999999943e-05,0.004131442381092792,34888.32417964085,-0.6350893802608654,57.56573843955994,33.49433493614197,91.06007480621338,-9.63211022053656e-09,8.78906234902388e-07
6.197569394488541,0.0,500.0,0.0,713,14260000,40,0.005636714398860931,10.31648063659668,1.4799999999999945e-05,0.004163964133625138,54690.844025396844,-0.9470472583250635,54.90595293045044,32.81516742706299,87.7211217880249,2.7656554824062596e-09,-9.765624753299562e-08
6.147402929496799,0.0,500.0,0.0,714,14280000,40,0.005180145148187876,10.316426277160645,1.4399999999999947e-05,0.004188488060786466,38028.70540145582,-0.8697104093565303,57.14433217048645,33.25064778327942,90.39498090744019,4.577636936176077e-09,8.300781360048859e-07
6.307266769077902,0.0,500.0,0.0,715,14300000,40,0.006402474828064442,10.316354751586914,1.3999999999999949e-05,0.004436818846600771,43240.55968569616,-1.099921724617861,58.257593631744385,33.46817064285278,91.7257649898529,2.9182434246877165e-08,1.4648438195763447e-07
6.185930163994407,0.0,500.0,0.0,716,14320000,40,0.005206031259149313,10.316267013549805,1.3599999999999951e-05,0.004744333307782283,39382.55188081583,-1.004502214087992,58.178759813308716,33.70024061203003,91.87900137901306,2.479553229406406e-09,1.1230468999201548e-06
6.2551182947898925,0.0,500.0,0.0,717,14340000,40,0.004678256809711456,10.31616497039795,1.3199999999999953e-05,0.004455369291901232,32096.94814103242,-0.691290687285601,55.295711278915405,33.255348205566406,88.55106043815613,-8.678436635989328e-09,1.220703097715159e-06
6.078525124774812,0.0,500.0,0.0,718,14360000,40,0.005287343170493841,10.316049575805664,1.2799999999999955e-05,0.00486498872751732,42101.0827970274,-1.106804662316468,56.49184727668762,33.79966616630554,90.29151463508606,-2.574920721087892e-09,4.882812376649781e-08
6.248729823978385,0.0,500.0,0.0,719,14380000,40,0.004605002235621214,10.315922737121582,1.2399999999999958e-05,0.004559190946580712,46657.25956626941,-0.9025564563549628,56.86287569999695,32.51295447349548,89.37583136558533,-4.1961669694501325e-09,5.859375278305379e-07
6.188456566647805,0.0,500.0,0.0,720,14400000,40,0.006686786655336618,10.31578540802002,1.199999999999996e-05,0.005019288221047895,34759.107883565135,-0.820173881857828,55.32364463806152,33.343178272247314,88.66682410240173,3.19480886190604e-09,4.882812731921149e-07
6.470472485094095,0.0,500.0,0.0,721,14420000,40,0.004824717529118061,10.315638542175293,1.1599999999999962e-05,0.0044570474834982185,34175.39129557033,-0.7687389133462481,56.1397008895874,32.27776503562927,88.41746687889099,8.583068478174027e-09,0.0
6.011429922345184,0.0,500.0,0.0,722,14440000,40,0.005059937480837107,10.315483093261719,1.1199999999999964e-05,0.0046833688942685865,44763.36913463811,-1.1044422939372291,59.853331089019775,33.39765501022339,93.25098943710327,6.318092271584419e-09,-1.9531249506599124e-07
6.516401487659732,0.0,500.0,0.0,723,14460000,40,0.004843183793127537,10.315320014953613,1.0799999999999966e-05,0.004899058219343483,21742.86449612174,-0.6599503455742909,56.535404205322266,33.251362323760986,89.78676772117615,-4.339218317994664e-09,4.39453117451194e-07
6.386196224269536,0.0,500.0,0.0,724,14480000,40,0.004201957955956459,10.315149307250977,1.0399999999999968e-05,0.004517576572964276,19837.72601683793,-0.5366975608525003,56.86404895782471,31.92784810066223,88.79189801216125,-2.717971847587819e-09,6.591797045985004e-07
6.216321821294652,0.0,500.0,0.0,725,14500000,40,0.0051392181776463985,10.314972877502441,9.99999999999997e-06,0.004490286017735459,14188.28840409783,-0.6541000291894955,59.398263454437256,32.75298547744751,92.15124988555908,4.1961669694501325e-09,2.514648485885118e-06
6.0273469112850355,0.0,500.0,0.0,726,14520000,40,0.004425858613103628,10.314790725708008,9.59999999999997e-06,0.004497025808049544,20088.90561783906,-0.6155561061991248,57.968265533447266,32.1146137714386,90.08288025856018,-4.673004205812958e-09,-9.765624753299562e-08
6.261073854652011,0.0,500.0,0.0,727,14540000,40,0.005417171400040388,10.314602851867676,9.199999999999973e-06,0.005142153925662801,21646.254696169326,-0.7676579279409852,56.65824818611145,30.972124338150024,87.63037347793579,1.478195232884616e-09,-5.37109372089617e-07
6.259329330600758,0.0,500.0,0.0,728,14560000,40,0.004412469454109669,10.314410209655762,8.799999999999975e-06,0.004677389295894807,22996.81399345641,-0.8102932440152594,58.18850350379944,31.826232194900513,90.01473712921143,2.3841859042583735e-10,4.882812376649781e-08
6.281011189980482,0.0,500.0,0.0,729,14580000,40,0.005053384695202112,10.314213752746582,8.399999999999977e-06,0.004446979800786431,20492.5949957392,-0.8040375881324149,57.890862226486206,32.428329944610596,90.31919312477112,8.583068700218632e-10,8.78906234902388e-07
6.303201018962871,0.0,500.0,0.0,730,14600000,40,0.005085933953523636,10.314013481140137,7.999999999999978e-06,0.004561872772351916,24656.904773571234,-0.6455705360764531,58.95423722267151,32.00528693199158,90.9595251083374,6.294250454175199e-09,-4.882812731921149e-07
6.026601665675201,0.0,500.0,0.0,731,14620000,40,0.00471561960875988,10.313809394836426,7.599999999999978e-06,0.004471439635418177,20961.67270643878,-0.7383072206430185,57.49887228012085,31.65437388420105,89.1532473564148,-2.7656554824062596e-09,-1.5380859395008883e-06
6.033849742503092,0.0,500.0,0.0,732,14640000,40,0.004771669395267963,10.313602447509766,7.199999999999979e-06,0.004270129400501206,23706.55637416961,-0.5877651447418389,55.17203116416931,31.58672571182251,86.75875806808472,1.1444092340440193e-09,-1.4648438195763447e-07
6.315979179656017,0.0,500.0,0.0,733,14660000,40,0.005883189849555492,10.313392639160156,6.799999999999981e-06,0.004595025610897963,28631.09192189988,-1.0315206225083513,56.51002812385559,31.50649094581604,88.01652002334595,-1.1634826435624745e-08,-1.757812469804776e-06
6.2444833837784115,0.0,500.0,0.0,734,14680000,40,0.005630014929920435,10.313179969787598,6.399999999999982e-06,0.004644941911657465,25900.94538049394,-0.5977961087207885,55.4911675453186,30.94235920906067,86.43352770805359,4.339218317994664e-09,2.4414063659605745e-07
6.178996032219686,0.0,500.0,0.0,735,14700000,40,0.004514746833592653,10.31296443939209,5.999999999999983e-06,0.004401084800305699,19392.31884975555,-0.5695452419127438,53.68589901924133,31.276392459869385,84.96229243278503,4.291534350109316e-10,1.7089844277506927e-06
6.211274439557706,0.0,500.0,0.0,736,14720000,40,0.0044644493609666824,10.31274700164795,5.5999999999999845e-06,0.004491966508238452,17099.516766240795,-0.6422335551233048,55.334287881851196,30.79349994659424,86.12778854370117,2.0980834847250662e-09,-1.3427734302240424e-06
6.392190887080766,0.0,500.0,0.0,737,14740000,40,0.004759207367897034,10.312527656555176,5.199999999999986e-06,0.004460507139984732,21225.974076269842,-0.6213681418377502,53.43928408622742,31.4941885471344,84.93347334861755,-2.8610229740877458e-09,-3.906249901319825e-07
6.1226389921861015,0.0,500.0,0.0,738,14760000,40,0.004479587078094482,10.31230640411377,4.799999999999987e-06,0.0046439634457714025,14623.148012022759,-0.6231188788938864,55.31786584854126,30.513373374938965,85.83124017715454,4.959106458812812e-09,-1.0986327652062755e-06
6.197163780837251,0.0,500.0,0.0,739,14780000,40,0.005006857682019472,10.31208324432373,4.399999999999988e-06,0.004606775816375757,20137.72479349124,-0.6672992186086952,54.15304780006409,30.919678449630737,85.07272744178772,1.8119812317252126e-09,-2.4902344648580765e-06
6.326152767784338,0.0,500.0,0.0,740,14800000,40,0.004552588332444429,10.311859130859375,3.99999999999999e-06,0.004810166811744036,17327.65330732795,-0.7683149648415055,53.64436721801758,30.832531929016113,84.47690033912659,4.4345855876315454e-09,-1.074218744179234e-06
5.864107497839646,0.0,500.0,0.0,741,14820000,40,0.004057385493069887,10.311633110046387,3.599999999999991e-06,0.005343121837544296,10905.868938936854,-0.4142167255756961,52.91552138328552,30.631794929504395,83.54731726646423,9.536742923144104e-11,1.7089844277506927e-06
6.334561636346131,0.0,500.0,0.0,742,14840000,40,0.0036074116360396147,10.311406135559082,3.199999999999992e-06,0.0048804943208808115,14281.903098525516,-0.3996067091253153,52.7277615070343,30.644036293029785,83.3717987537384,5.054473728449693e-09,2.0996094463043846e-06
6.284483508198727,0.0,500.0,0.0,743,14860000,40,0.004089277237653732,10.311178207397461,2.7999999999999927e-06,0.004444298738277085,7956.57560004945,-0.3580673722087578,52.83409833908081,30.5753812789917,83.40948033332825,6.818771325356465e-09,4.882812731921149e-07
5.977905588317348,0.0,500.0,0.0,744,14880000,40,0.004632826428860426,10.310949325561523,2.399999999999994e-06,0.004512005489375917,12191.450155931218,-0.47485622209823053,52.346110582351685,31.149964332580566,83.49607563018799,1.287460360543946e-08,1.3427734302240424e-06
5.910053880142608,0.0,500.0,0.0,745,14900000,40,0.00387210538610816,10.31071949005127,1.9999999999999953e-06,0.004486852117286177,14988.16626474174,-0.45886781053605735,52.90809988975525,30.54962420463562,83.45772504806519,-7.1525572131747595e-09,-9.521484116703505e-07
5.998148810594342,0.0,500.0,0.0,746,14920000,40,0.0037246104329824448,10.3104887008667,1.5999999999999963e-06,0.004509788727985434,22231.79354076993,-0.47398065222059466,52.479236364364624,30.476386547088623,82.95562410354614,7.534026735811494e-09,-1.0498047231521923e-06
5.810352681998059,0.0,500.0,0.0,747,14940000,40,0.004151333589106798,10.310256958007812,1.1999999999999972e-06,0.004676542950498984,22372.615110788527,-0.5007502061261493,52.157811880111694,30.277897834777832,82.43571066856384,1.8119811429073707e-08,3.906249901319825e-07
6.164283306086591,0.0,500.0,0.0,748,14960000,40,0.00305971154011786,10.31002426147461,7.999999999999983e-07,0.004591506350026199,17048.03120918031,-0.27635937985625997,52.29875993728638,30.42273783683777,82.72149896621704,-9.441375681262798e-09,3.1738281336401997e-07
6.173283153102662,0.0,500.0,0.0,749,14980000,40,0.003073727712035179,10.30979061126709,3.9999999999999913e-07,0.004236424644959639,18451.63414057835,-0.30742029065064563,52.2786979675293,30.250285625457764,82.52898454666138,-3.9577483512687195e-09,-3.906249901319825e-07
6.072232952858274,0.0,500.0,0.0,750,15000000,40,0.001807339838705957,10.309556007385254,0.0,0.004805658435171683,17666.067529102496,-0.13542376677416693,52.34321689605713,30.304738759994507,82.64795660972595,1.683235240079739e-08,-7.080078034960025e-07
